0.000000 0.000000
0.010000 0.000000
0.020000 0.000000
0.030000 0.000000
0.040000 0.000000
0.050000 0.000000
0.060000 0.000000
0.070000 0.000000
0.080000 0.000000
0.090000 0.000000
0.100000 0.000000
0.110000 0.000000
0.120000 0.000000
0.130000 0.000000
0.140000 0.000000
0.150000 0.000000
0.160000 0.000000
0.170000 0.000000
0.180000 0.000000
0.190000 0.000000
0.200000 0.000000
0.210000 0.000000
0.220000 0.000000
0.230000 0.000000
0.240000 0.000000
0.250000 0.000000
0.260000 0.000000
0.270000 0.000000
0.280000 0.000000
0.290000 0.000000
0.300000 0.000000
0.310000 0.000000
0.320000 0.000000
0.330000 0.000000
0.340000 0.000000
0.350000 0.000000
0.360000 0.000000
0.370000 0.000000
0.380000 0.000000
0.390000 0.000000
0.400000 0.000000
0.410000 0.000000
0.420000 0.000000
0.430000 0.000000
0.440000 0.000000
0.450000 0.000000
0.460000 0.000000
0.470000 0.000000
0.480000 0.000000
0.490000 0.000000
0.500000 0.000000
0.510000 0.000000
0.520000 0.000000
0.530000 0.000000
0.540000 0.000000
0.550000 0.000000
0.560000 0.000000
0.570000 0.000000
0.580000 0.000000
0.590000 0.000000
0.600000 0.000000
0.610000 0.000000
0.620000 0.000000
0.630000 0.000000
0.640000 0.000000
0.650000 0.000000
0.660000 0.000000
0.670000 0.000000
0.680000 0.000000
0.690000 0.000000
0.700000 0.000000
0.710000 0.000000
0.720000 0.000000
0.730000 0.000000
0.740000 0.000000
0.750000 0.000000
0.760000 0.000000
0.770000 0.000000
0.780000 0.000000
0.790000 0.000000
0.800000 0.000000
0.810000 0.000000
0.820000 0.000000
0.830000 0.000000
0.840000 0.000000
0.850000 0.000000
0.860000 0.000000
0.870000 0.000000
0.880000 0.000000
0.890000 0.000000
0.900000 0.000000
0.910000 0.000000
0.920000 0.000000
0.930000 0.000000
0.940000 0.000000
0.950000 0.000000
0.960000 0.000000
0.970000 0.000000
0.980000 0.000000
0.990000 0.000000
1.000000 0.807660
1.010000 0.905900
1.020000 0.809350
1.030000 0.877682
1.040000 0.810320
1.050000 1.000000
1.060000 0.956929
1.070000 0.753759
1.080000 0.863251
1.090000 0.853322
1.100000 0.005662
1.110000 0.005561
1.120000 0.016387
1.130000 0.005366
1.140000 0.005273
1.150000 0.005182
1.160000 0.015281
1.170000 0.015022
1.180000 0.004923
1.190000 0.009682
1.200000 0.009522
1.210000 0.018732
1.220000 0.004607
1.230000 0.009065
1.240000 0.004460
1.250000 0.004389
1.260000 0.000000
1.270000 0.008505
1.280000 0.020934
1.290000 0.004122
1.300000 0.028416
1.310000 0.011994
1.320000 0.011813
1.330000 0.034911
1.340000 0.042037
1.350000 0.041419
1.360000 0.070497
1.370000 0.076788
1.380000 0.072079
1.390000 0.088812
1.400000 0.112067
1.410000 0.158827
1.420000 0.170224
1.430000 0.224932
1.440000 0.185410
1.450000 0.238384
1.460000 0.231920
1.470000 0.270094
1.480000 0.231985
1.490000 0.256730
1.500000 0.238069
1.510000 0.234936
1.520000 0.190248
1.530000 0.146701
1.540000 0.115847
1.550000 0.111503
1.560000 0.090324
1.570000 0.072459
1.580000 0.057789
1.590000 0.048914
1.600000 0.037572
1.610000 0.037108
1.620000 0.028798
1.630000 0.025861
1.640000 0.028102
1.650000 0.017668
1.660000 0.032419
1.670000 0.019712
1.680000 0.017044
1.690000 0.014438
1.700000 0.016647
1.710000 0.018804
1.720000 0.025556
1.730000 0.018373
1.740000 0.020433
1.750000 0.015712
1.760000 0.008877
1.770000 0.013165
1.780000 0.010849
1.790000 0.025747
1.800000 0.008488
1.810000 0.027282
1.820000 0.018681
1.830000 0.018478
1.840000 0.006093
1.850000 0.008036
1.860000 0.013913
1.870000 0.031463
1.880000 0.021402
1.890000 0.011551
1.900000 0.017145
1.910000 0.018851
1.920000 0.014925
1.930000 0.012925
1.940000 0.014619
1.950000 0.010853
1.960000 0.010743
1.970000 0.015951
1.980000 0.008773
1.990000 0.017370
2.000000 0.022356
2.010000 0.052783
2.020000 0.047205
2.030000 0.053420
2.040000 0.067776
2.050000 0.114592
2.060000 0.118349
2.070000 0.120422
2.080000 0.146304
2.090000 0.138610
2.100000 0.162260
2.110000 0.136001
2.120000 0.145441
2.130000 0.103132
2.140000 0.090153
2.150000 0.105693
2.160000 0.060471
2.170000 0.059917
2.180000 0.043441
2.190000 0.044481
2.200000 0.038391
2.210000 0.052136
2.220000 0.046082
2.230000 0.078886
2.240000 0.069955
2.250000 0.080212
2.260000 0.102414
2.270000 0.096173
2.280000 0.095333
2.290000 0.123380
2.300000 0.114504
2.310000 0.136737
2.320000 0.129169
2.330000 0.130601
2.340000 0.123203
2.350000 0.145843
2.360000 0.150792
2.370000 0.123787
2.380000 0.098444
2.390000 0.106060
2.400000 0.066933
2.410000 0.055712
2.420000 0.061131
2.430000 0.046638
2.440000 0.056666
2.450000 0.048176
2.460000 0.043235
2.470000 0.034986
2.480000 0.044780
2.490000 0.034427
2.500000 0.028644
2.510000 0.036068
2.520000 0.029277
2.530000 0.019364
2.540000 0.022414
2.550000 0.019062
2.560000 0.022066
2.570000 0.018767
2.580000 0.011380
2.590000 0.024639
2.600000 0.020375
2.610000 0.024263
2.620000 0.031102
2.630000 0.030866
2.640000 0.018775
2.650000 0.012750
2.660000 0.026282
2.670000 0.013526
2.680000 0.018220
2.690000 0.012374
2.700000 0.026455
2.710000 0.034701
2.720000 0.012103
2.730000 0.016636
2.740000 0.025689
2.750000 0.028236
2.760000 0.026223
2.770000 0.022444
2.780000 0.017826
2.790000 0.027433
2.800000 0.022845
2.810000 0.032279
2.820000 0.027720
2.830000 0.031826
2.840000 0.037581
2.850000 0.033078
2.860000 0.028636
2.870000 0.033455
2.880000 0.044022
2.890000 0.032995
2.900000 0.042598
2.910000 0.039052
2.920000 0.050098
2.930000 0.035312
2.940000 0.036666
2.950000 0.035627
2.960000 0.034601
2.970000 0.039055
2.980000 0.037242
2.990000 0.035452
3.000000 0.030623
3.010000 0.033463
3.020000 0.037775
3.030000 0.034524
3.040000 0.037280
3.050000 0.025926
3.060000 0.036795
3.070000 0.038019
3.080000 0.046489
3.090000 0.049076
3.100000 0.053063
3.110000 0.056997
3.120000 0.049554
3.130000 0.054162
3.140000 0.057313
3.150000 0.059034
3.160000 0.066253
3.170000 0.064465
3.180000 0.060653
3.190000 0.053502
3.200000 0.057879
3.210000 0.047487
3.220000 0.050517
3.230000 0.043599
3.240000 0.051209
3.250000 0.046327
3.260000 0.056420
3.270000 0.065100
3.280000 0.062782
3.290000 0.056034
3.300000 0.054430
3.310000 0.060393
3.320000 0.064407
3.330000 0.047239
3.340000 0.051900
3.350000 0.037465
3.360000 0.043348
3.370000 0.040664
3.380000 0.031977
3.390000 0.035988
3.400000 0.033391
3.410000 0.027861
3.420000 0.034181
3.430000 0.034568
3.440000 0.023883
3.450000 0.027799
3.460000 0.025335
3.470000 0.025190
3.480000 0.040414
3.490000 0.028298
3.500000 0.023635
3.510000 0.031334
3.520000 0.024480
3.530000 0.019916
3.540000 0.033557
3.550000 0.020240
3.560000 0.032093
3.570000 0.024882
3.580000 0.032812
3.590000 0.026746
3.600000 0.029257
3.610000 0.032799
3.620000 0.031040
3.630000 0.026684
3.640000 0.031741
3.650000 0.037260
3.660000 0.030881
3.670000 0.023546
3.680000 0.029019
3.690000 0.033926
3.700000 0.037772
3.710000 0.032560
3.720000 0.030890
3.730000 0.038654
3.740000 0.038448
3.750000 0.038734
3.760000 0.037065
3.770000 0.036869
3.780000 0.027988
3.790000 0.032641
3.800000 0.034380
3.810000 0.033725
3.820000 0.029296
3.830000 0.021153
3.840000 0.033201
3.850000 0.033494
3.860000 0.022677
3.870000 0.026243
3.880000 0.020612
3.890000 0.030987
3.900000 0.024481
3.910000 0.016238
3.920000 0.029617
3.930000 0.030360
3.940000 0.023987
3.950000 0.021656
3.960000 0.021108
3.970000 0.021439
3.980000 0.017849
3.990000 0.022091
4.000000 0.018533
4.010000 0.021443
4.020000 0.020483
4.030000 0.019108
4.040000 0.024929
4.050000 0.026067
4.060000 0.021337
4.070000 0.022481
4.080000 0.021957
4.090000 0.030095
4.100000 0.026667
4.110000 0.026946
4.120000 0.029659
4.130000 0.029111
4.140000 0.025350
4.150000 0.034038
4.160000 0.031085
4.170000 0.035299
4.180000 0.040262
4.190000 0.035749
4.200000 0.037143
4.210000 0.033465
4.220000 0.033694
4.230000 0.036233
4.240000 0.042968
4.250000 0.034366
4.260000 0.036105
4.270000 0.037071
4.280000 0.035392
4.290000 0.033729
4.300000 0.033199
4.310000 0.038244
4.320000 0.039545
4.330000 0.036052
4.340000 0.035520
4.350000 0.037909
4.360000 0.032655
4.370000 0.035396
4.380000 0.029482
4.390000 0.032927
4.400000 0.029927
4.410000 0.030856
4.420000 0.026833
4.430000 0.033742
4.440000 0.028342
4.450000 0.028911
4.460000 0.020806
4.470000 0.025892
4.480000 0.032306
4.490000 0.026346
4.500000 0.026229
4.510000 0.031200
4.520000 0.026673
4.530000 0.030253
4.540000 0.027108
4.550000 0.029988
4.560000 0.029193
4.570000 0.021469
4.580000 0.024664
4.590000 0.022592
4.600000 0.024776
4.610000 0.022721
4.620000 0.024562
4.630000 0.025100
4.640000 0.029478
4.650000 0.031585
4.660000 0.026049
4.670000 0.021509
4.680000 0.026457
4.690000 0.028226
4.700000 0.021236
4.710000 0.020213
4.720000 0.025701
4.730000 0.026518
4.740000 0.020879
4.750000 0.023544
4.760000 0.027099
4.770000 0.021831
4.780000 0.015701
4.790000 0.019544
4.800000 0.021260
4.810000 0.022066
4.820000 0.019896
4.830000 0.024545
4.840000 0.019437
4.850000 0.018771
4.860000 0.024243
4.870000 0.020944
4.880000 0.021728
4.890000 0.018465
4.900000 0.021551
4.910000 0.024897
4.920000 0.017386
4.930000 0.017883
4.940000 0.021204
4.950000 0.020555
4.960000 0.017948
4.970000 0.021507
4.980000 0.017526
4.990000 0.025492
5.000000 0.020698
5.010000 0.019791
5.020000 0.018891
5.030000 0.017998
5.040000 0.023359
5.050000 0.021914
5.060000 0.023445
5.070000 0.026036
5.080000 0.022458
5.090000 0.020772
5.100000 0.024670
5.110000 0.025631
5.120000 0.021846
5.130000 0.025694
5.140000 0.024288
5.150000 0.020552
5.160000 0.025655
5.170000 0.019103
5.180000 0.027258
5.190000 0.024848
5.200000 0.027304
5.210000 0.023895
5.220000 0.025829
5.230000 0.022199
5.240000 0.028899
5.250000 0.028289
5.260000 0.022196
5.270000 0.023603
5.280000 0.027969
5.290000 0.025890
5.300000 0.024565
5.310000 0.028633
5.320000 0.025600
5.330000 0.023318
5.340000 0.025650
5.350000 0.022662
5.360000 0.025219
5.370000 0.019861
5.380000 0.025032
5.390000 0.023989
5.400000 0.025084
5.410000 0.021219
5.420000 0.021376
5.430000 0.021765
5.440000 0.022152
5.450000 0.020444
5.460000 0.021759
5.470000 0.020526
5.480000 0.022060
5.490000 0.021751
5.500000 0.021215
5.510000 0.022502
5.520000 0.022647
5.530000 0.023243
5.540000 0.017763
5.550000 0.021283
5.560000 0.020091
5.570000 0.021576
5.580000 0.017066
5.590000 0.020317
5.600000 0.020685
5.610000 0.019515
5.620000 0.017916
5.630000 0.022207
5.640000 0.018441
5.650000 0.020753
5.660000 0.020465
5.670000 0.020178
5.680000 0.021604
5.690000 0.019610
5.700000 0.021666
5.710000 0.021167
5.720000 0.021304
5.730000 0.018076
5.740000 0.016966
5.750000 0.019412
5.760000 0.021217
5.770000 0.020729
5.780000 0.019831
5.790000 0.018939
5.800000 0.022362
5.810000 0.019014
5.820000 0.017318
5.830000 0.019696
5.840000 0.019831
5.850000 0.013511
5.860000 0.012461
5.870000 0.015022
5.880000 0.017566
5.890000 0.016711
5.900000 0.018438
5.910000 0.019167
5.920000 0.021465
5.930000 0.021589
5.940000 0.020343
5.950000 0.016571
5.960000 0.016321
5.970000 0.016073
5.980000 0.017370
