0.319939   48.663543
0.353617   42.093626
0.387295   34.887260
0.420973   27.755021
0.454650   22.938472
0.488328   19.876495
0.522006   18.474566
0.555684   17.157771
0.589362   17.577392
0.623039   16.294551
0.656717   14.186850
0.690395   12.773385
0.724073   11.063849
0.757751   9.942395
0.791428   7.789169
0.825106   6.975440
0.858784   7.060997
0.892462   6.970746
0.926140   5.688189
0.959817   5.824719
0.993495   5.499807
1.027173   5.145497
1.060851   4.313603
1.094529   4.104036
1.128206   4.190052
1.161884   3.889262
1.195562   3.672102
1.229240   3.479300
1.262918   3.253542
1.296596   3.126791
1.330273   2.790260
1.363951   2.808026
1.397629   2.682507
1.431307   2.516253
1.464985   2.453042
1.498662   2.232259
1.532340   2.050822
1.566018   2.065469
1.599696   2.073696
1.633374   1.944381
1.667051   1.826274
1.700729   1.759227
1.734407   1.781104
1.768085   1.799694
1.801763   1.625047
1.835440   1.557350
1.869118   1.475191
1.902796   1.483896
1.936474   1.433225
1.970152   1.307689
2.003829   1.366176
2.037507   1.243012
2.071185   1.223152
2.104863   1.088989
2.138541   1.159839
2.172218   1.068027
2.205896   1.084218
2.239574   1.130513
2.273252   1.010870
2.306930   0.941609
2.340607   0.997683
2.374285   0.975063
2.407963   1.035790
2.441641   0.993829
2.475319   0.905277
2.508997   0.907448
2.542674   0.851523
2.576352   0.825390
2.610030   0.813673
2.643708   0.784257
2.677386   0.811682
2.711063   0.771315
2.744741   0.786429
2.778419   0.756437
2.812097   0.770225
2.845775   0.740299
2.879452   0.758206
2.913130   0.740685
2.946808   0.718753
2.980486   0.692294
3.014164   0.665265
3.047841   0.669069
3.081519   0.628385
3.115197   0.689278
3.148875   0.670507
3.182553   0.614036
3.216230   0.600113
3.249908   0.581379
3.283586   0.580463
3.317264   0.579625
3.350942   0.538585
3.384619   0.550921
3.418297   0.540443
3.451975   0.534590
3.485653   0.524047
3.519331   0.512934
3.553008   0.501070
3.586686   0.503323
3.620364   0.502908
3.654042   0.519716
3.687720   0.466877
3.721398   0.468727
3.755075   0.476338
3.788753   0.471888
3.822431   0.483866
3.856109   0.457498
3.889787   0.463776
3.923464   0.440908
3.957142   0.437886
3.990820   0.456587
4.024498   0.449906
4.058176   0.421520
4.091853   0.426375
4.125531   0.446936
4.159209   0.428983
4.192887   0.434759
4.226565   0.435317
4.260242   0.407812
4.293920   0.419337
4.327598   0.415239
4.361276   0.431604
4.394954   0.407388
4.428631   0.430282
4.462309   0.443738
4.495987   0.443975
4.529665   0.429780
4.563343   0.423000
4.597020   0.425688
4.630698   0.403207
4.664376   0.434093
4.698054   0.431962
4.731732   0.418056
4.765409   0.429252
4.799087   0.455867
4.832765   0.435117
4.866443   0.436163
4.900121   0.414381
4.933799   0.456757
4.967476   0.459522
5.001154   0.434638
5.034832   0.473876
5.068510   0.488445
5.102188   0.501768
5.135865   0.479885
5.169543   0.507692
5.203221   0.539251
5.236899   0.513520
5.270577   0.560738
5.304254   0.607231
5.337932   0.590632
5.371610   0.651462
5.405288   0.650143
5.438966   0.646565
5.472643   0.724115
5.506321   0.788495
5.539999   0.797094
5.573677   0.796236
5.607355   0.843490
5.641032   0.816124
5.674710   0.925304
5.708388   1.001219
5.742066   1.020587
5.775744   1.066046
5.809421   1.257762
5.843099   1.166759
5.876777   1.295653
5.910455   1.335612
5.944133   1.477670
5.977811   1.499621
6.011488   1.503078
6.045166   1.661981
6.078844   1.590696
6.112522   1.598462
6.146200   1.600136
6.179877   1.772835
6.213555   1.679311
6.247233   1.695539
6.280911   1.678201
6.314589   1.649984
6.348266   1.536050
6.381944   1.514771
6.415622   1.556015
6.449300   1.470794
6.482978   1.419322
6.516655   1.410364
6.550333   1.317515
6.584011   1.393956
6.617689   1.366183
6.651367   1.342365
6.685044   1.381835
6.718722   1.229772
6.752400   1.208310
6.786078   1.186210
6.819756   1.139377
6.853433   1.228089
6.887111   1.117440
6.920789   1.113424
6.954467   1.049611
6.988145   1.079313
7.021822   1.100731
7.055500   1.059109
7.089178   1.094075
7.122856   1.041012
7.156534   1.079172
7.190212   1.079980
7.223889   1.029206
7.257567   1.024968
7.291245   1.069850
7.324923   1.019838
7.358601   1.028216
7.392278   1.007936
7.425956   1.011499
7.459634   0.989606
7.493312   0.996430
7.526990   1.016057
7.560667   1.010033
7.594345   0.961441
7.628023   0.998528
7.661701   1.055349
7.695379   1.002133
7.729056   0.934812
7.762734   1.036804
7.796412   1.067121
7.830090   1.012329
7.863768   1.042487
7.897445   1.049243
7.931123   1.055089
7.964801   0.981540
7.998479   1.019426
