0.319939   33.330994
0.353617   42.207236
0.387295   39.656020
0.420973   40.110815
0.454650   42.926175
0.488328   39.004723
0.522006   38.005067
0.555684   33.758875
0.589362   27.902711
0.623039   25.612068
0.656717   23.884054
0.690395   23.220005
0.724073   23.369139
0.757751   21.387165
0.791428   18.988822
0.825106   17.223860
0.858784   16.301567
0.892462   14.270119
0.926140   13.149706
0.959817   11.509859
0.993495   10.985865
1.027173   10.443249
1.060851   10.331772
1.094529   9.787435
1.128206   8.415036
1.161884   7.920327
1.195562   7.165364
1.229240   6.622303
1.262918   5.665931
1.296596   5.227534
1.330273   4.632369
1.363951   4.652948
1.397629   4.179575
1.431307   3.767909
1.464985   3.339748
1.498662   3.383549
1.532340   3.199980
1.566018   3.065993
1.599696   2.725223
1.633374   2.511406
1.667051   2.197760
1.700729   1.997302
1.734407   1.833465
1.768085   1.711527
1.801763   1.714934
1.835440   1.531618
1.869118   1.458634
1.902796   1.359455
1.936474   1.335165
1.970152   1.265641
2.003829   1.222767
2.037507   1.065273
2.071185   1.036686
2.104863   0.959399
2.138541   0.932369
2.172218   0.902678
2.205896   0.839802
2.239574   0.847436
2.273252   0.759385
2.306930   0.756437
2.340607   0.718159
2.374285   0.641730
2.407963   0.645589
2.441641   0.616563
2.475319   0.577843
2.508997   0.560202
2.542674   0.564070
2.576352   0.551404
2.610030   0.497116
2.643708   0.507696
2.677386   0.491537
2.711063   0.449664
2.744741   0.434923
2.778419   0.411454
2.812097   0.406205
2.845775   0.420291
2.879452   0.378502
2.913130   0.379282
2.946808   0.361073
2.980486   0.347981
3.014164   0.353854
3.047841   0.341995
3.081519   0.331168
3.115197   0.350291
3.148875   0.311206
3.182553   0.335338
3.216230   0.327725
3.249908   0.321506
3.283586   0.309419
3.317264   0.289368
3.350942   0.313136
3.384619   0.289336
3.418297   0.299270
3.451975   0.292212
3.485653   0.280458
3.519331   0.274099
3.553008   0.311678
3.586686   0.289477
3.620364   0.302633
3.654042   0.296639
3.687720   0.276476
3.721398   0.283780
3.755075   0.287198
3.788753   0.273184
3.822431   0.266693
3.856109   0.278268
3.889787   0.283602
3.923464   0.276381
3.957142   0.266587
3.990820   0.287062
4.024498   0.273937
4.058176   0.260604
4.091853   0.273288
4.125531   0.263464
4.159209   0.244949
4.192887   0.247715
4.226565   0.259166
4.260242   0.260134
4.293920   0.277919
4.327598   0.277595
4.361276   0.303577
4.394954   0.274358
4.428631   0.291767
4.462309   0.262371
4.495987   0.259015
4.529665   0.275121
4.563343   0.275319
4.597020   0.271440
4.630698   0.266498
4.664376   0.280051
4.698054   0.289009
4.731732   0.302171
4.765409   0.299090
4.799087   0.304533
4.832765   0.307134
4.866443   0.313977
4.900121   0.330601
4.933799   0.331206
4.967476   0.332323
5.001154   0.342555
5.034832   0.346731
5.068510   0.353912
5.102188   0.371385
5.135865   0.395427
5.169543   0.369033
5.203221   0.384117
5.236899   0.400558
5.270577   0.394498
5.304254   0.426644
5.337932   0.434817
5.371610   0.437021
5.405288   0.459077
5.438966   0.490243
5.472643   0.474136
5.506321   0.515560
5.539999   0.512168
5.573677   0.513933
5.607355   0.555780
5.641032   0.607734
5.674710   0.624534
5.708388   0.634533
5.742066   0.627648
5.775744   0.640961
5.809421   0.710975
5.843099   0.694462
5.876777   0.741530
5.910455   0.758023
5.944133   0.804018
5.977811   0.844632
6.011488   0.952114
6.045166   0.887601
6.078844   0.880229
6.112522   1.032485
6.146200   0.925357
6.179877   0.954236
6.213555   1.007140
6.247233   1.045271
6.280911   1.044073
6.314589   1.229366
6.348266   1.231934
6.381944   1.234002
6.415622   1.203764
6.449300   1.274240
6.482978   1.281456
6.516655   1.316019
6.550333   1.358486
6.584011   1.456449
6.617689   1.449171
6.651367   1.425479
6.685044   1.443161
6.718722   1.514955
6.752400   1.513037
6.786078   1.486945
6.819756   1.597128
6.853433   1.512544
6.887111   1.448098
6.920789   1.555020
6.954467   1.490524
6.988145   1.512498
7.021822   1.548310
7.055500   1.796586
7.089178   1.617656
7.122856   1.663473
7.156534   1.635788
7.190212   1.694781
7.223889   1.736999
7.257567   1.686880
7.291245   1.643611
7.324923   1.657168
7.358601   1.781286
7.392278   1.671168
7.425956   1.788675
7.459634   1.759063
7.493312   1.721191
7.526990   1.744743
7.560667   1.719180
7.594345   1.758425
7.628023   1.760288
7.661701   1.710291
7.695379   1.759957
7.729056   1.689589
7.762734   1.644082
7.796412   1.637124
7.830090   1.620083
7.863768   1.579067
7.897445   1.637584
7.931123   1.541023
7.964801   1.488936
7.998479   1.560799
