0.000000 0.000000
0.010000 0.000000
0.020000 0.000000
0.030000 0.000000
0.040000 0.000000
0.050000 0.000000
0.060000 0.000000
0.070000 0.000000
0.080000 0.000000
0.090000 0.000000
0.100000 0.000000
0.110000 0.000000
0.120000 0.000000
0.130000 0.000000
0.140000 0.000000
0.150000 0.000000
0.160000 0.000000
0.170000 0.000000
0.180000 0.000000
0.190000 0.000000
0.200000 0.000000
0.210000 0.000000
0.220000 0.000000
0.230000 0.000000
0.240000 0.000000
0.250000 0.000000
0.260000 0.000000
0.270000 0.000000
0.280000 0.000000
0.290000 0.000000
0.300000 0.000000
0.310000 0.000000
0.320000 0.000000
0.330000 0.000000
0.340000 0.000000
0.350000 0.000000
0.360000 0.000000
0.370000 0.000000
0.380000 0.000000
0.390000 0.000000
0.400000 0.000000
0.410000 0.000000
0.420000 0.000000
0.430000 0.000000
0.440000 0.000000
0.450000 0.000000
0.460000 0.000000
0.470000 0.000000
0.480000 0.000000
0.490000 0.000000
0.500000 0.000000
0.510000 0.000000
0.520000 0.000000
0.530000 0.000000
0.540000 0.000000
0.550000 0.000000
0.560000 0.000000
0.570000 0.000000
0.580000 0.000000
0.590000 0.000000
0.600000 0.000000
0.610000 0.000000
0.620000 0.000000
0.630000 0.000000
0.640000 0.000000
0.650000 0.000000
0.660000 0.000000
0.670000 0.000000
0.680000 0.000000
0.690000 0.000000
0.700000 0.000000
0.710000 0.000000
0.720000 0.000000
0.730000 0.000000
0.740000 0.000000
0.750000 0.000000
0.760000 0.000000
0.770000 0.000000
0.780000 0.000000
0.790000 0.000000
0.800000 0.000000
0.810000 0.000000
0.820000 0.000000
0.830000 0.000000
0.840000 0.000000
0.850000 0.000000
0.860000 0.000000
0.870000 0.000000
0.880000 0.000000
0.890000 0.000000
0.900000 0.000000
0.910000 0.000000
0.920000 0.000000
0.930000 0.000000
0.940000 0.000000
0.950000 0.000000
0.960000 0.000000
0.970000 0.000000
0.980000 0.000000
0.990000 0.000000
1.000000 0.910089
1.010000 0.945779
1.020000 0.853922
1.030000 0.782583
1.040000 1.000000
1.050000 0.898546
1.060000 0.907685
1.070000 0.833606
1.080000 0.849544
1.090000 0.757435
1.100000 0.015056
1.110000 0.014788
1.120000 0.008716
1.130000 0.014271
1.140000 0.005609
1.150000 0.011025
1.160000 0.027091
1.170000 0.005326
1.180000 0.013092
1.190000 0.015449
1.200000 0.007597
1.210000 0.007472
1.220000 0.014701
1.230000 0.016875
1.240000 0.014233
1.250000 0.016341
1.260000 0.020679
1.270000 0.022618
1.280000 0.026721
1.290000 0.021925
1.300000 0.019431
1.310000 0.014884
1.320000 0.020943
1.330000 0.041261
1.340000 0.038618
1.350000 0.032042
1.360000 0.031574
1.370000 0.035006
1.380000 0.040253
1.390000 0.062351
1.400000 0.093131
1.410000 0.080801
1.420000 0.083292
1.430000 0.096420
1.440000 0.105656
1.450000 0.109419
1.460000 0.137054
1.470000 0.145342
1.480000 0.123383
1.490000 0.110222
1.500000 0.129866
1.510000 0.096118
1.520000 0.061660
1.530000 0.095190
1.540000 0.077018
1.550000 0.072989
1.560000 0.052543
1.570000 0.057807
1.580000 0.057080
1.590000 0.054921
1.600000 0.025692
1.610000 0.036653
1.620000 0.037595
1.630000 0.030260
1.640000 0.033969
1.650000 0.026848
1.660000 0.042442
1.670000 0.043248
1.680000 0.036261
1.690000 0.037114
1.700000 0.035415
1.710000 0.047504
1.720000 0.055605
1.730000 0.080616
1.740000 0.082110
1.750000 0.112215
1.760000 0.122750
1.770000 0.130707
1.780000 0.136171
1.790000 0.183728
1.800000 0.188469
1.810000 0.193095
1.820000 0.184361
1.830000 0.135403
1.840000 0.129618
1.850000 0.141047
1.860000 0.096197
1.870000 0.085761
1.880000 0.057949
1.890000 0.057339
1.900000 0.048633
1.910000 0.041108
1.920000 0.055565
1.930000 0.043209
1.940000 0.035962
1.950000 0.041367
1.960000 0.058088
1.970000 0.040533
1.980000 0.044792
1.990000 0.053582
2.000000 0.083232
2.010000 0.063391
2.020000 0.068146
2.030000 0.074581
2.040000 0.074733
2.050000 0.086197
2.060000 0.069843
2.070000 0.066610
2.080000 0.065126
2.090000 0.101367
2.100000 0.097087
2.110000 0.061648
2.120000 0.065140
2.130000 0.056465
2.140000 0.057538
2.150000 0.050672
2.160000 0.045498
2.170000 0.046635
2.180000 0.037737
2.190000 0.021368
2.200000 0.028737
2.210000 0.031476
2.220000 0.028966
2.230000 0.045637
2.240000 0.029911
2.250000 0.039046
2.260000 0.060920
2.270000 0.049019
2.280000 0.056337
2.290000 0.043282
2.300000 0.051212
2.310000 0.056945
2.320000 0.055776
2.330000 0.070136
2.340000 0.074219
2.350000 0.064972
2.360000 0.061136
2.370000 0.059971
2.380000 0.067226
2.390000 0.054486
2.400000 0.044499
2.410000 0.049805
2.420000 0.047519
2.430000 0.034107
2.440000 0.045515
2.450000 0.039044
2.460000 0.033282
2.470000 0.038416
2.480000 0.042871
2.490000 0.038984
2.500000 0.035743
2.510000 0.030228
2.520000 0.039216
2.530000 0.032041
2.540000 0.027249
2.550000 0.028725
2.560000 0.029620
2.570000 0.024954
2.580000 0.033015
2.590000 0.033853
2.600000 0.042805
2.610000 0.034412
2.620000 0.029882
2.630000 0.031244
2.640000 0.025753
2.650000 0.035991
2.660000 0.027956
2.670000 0.028775
2.680000 0.042842
2.690000 0.041512
2.700000 0.039698
2.710000 0.042399
2.720000 0.041098
2.730000 0.040798
2.740000 0.046357
2.750000 0.052319
2.760000 0.049056
2.770000 0.048225
2.780000 0.043613
2.790000 0.046596
2.800000 0.037853
2.810000 0.048256
2.820000 0.040083
2.830000 0.036141
2.840000 0.030436
2.850000 0.032930
2.860000 0.030909
2.870000 0.026246
2.880000 0.022972
2.890000 0.024568
2.900000 0.027885
2.910000 0.026828
2.920000 0.028364
2.930000 0.024330
2.940000 0.022469
2.950000 0.023580
2.960000 0.024258
2.970000 0.026588
2.980000 0.020633
2.990000 0.026234
3.000000 0.028096
3.010000 0.023865
3.020000 0.023707
3.030000 0.030736
3.040000 0.027362
3.050000 0.025608
3.060000 0.026615
3.070000 0.031108
3.080000 0.030907
3.090000 0.028021
3.100000 0.022883
3.110000 0.030315
3.120000 0.026356
3.130000 0.024317
3.140000 0.026765
3.150000 0.034722
3.160000 0.030833
3.170000 0.025532
3.180000 0.033709
3.190000 0.026654
3.200000 0.022193
3.210000 0.024545
3.220000 0.021565
3.230000 0.020378
3.240000 0.028284
3.250000 0.024293
3.260000 0.025524
3.270000 0.021940
3.280000 0.021807
3.290000 0.022690
3.300000 0.019524
3.310000 0.026767
3.320000 0.020953
3.330000 0.025455
3.340000 0.020374
3.350000 0.024499
3.360000 0.017210
3.370000 0.021305
3.380000 0.017007
3.390000 0.020735
3.400000 0.022199
3.410000 0.018602
3.420000 0.020374
3.430000 0.018697
3.440000 0.014561
3.450000 0.019405
3.460000 0.018069
3.470000 0.014615
3.480000 0.020889
3.490000 0.017760
3.500000 0.017958
3.510000 0.015177
3.520000 0.017163
3.530000 0.016183
3.540000 0.015799
3.550000 0.021238
3.560000 0.013597
3.570000 0.019563
3.580000 0.018596
3.590000 0.016501
3.600000 0.015844
3.610000 0.016038
3.620000 0.017908
3.630000 0.021427
3.640000 0.012177
3.650000 0.017890
3.660000 0.017245
3.670000 0.014429
3.680000 0.019225
3.690000 0.014812
3.700000 0.019554
3.710000 0.018916
3.720000 0.016694
3.730000 0.019241
3.740000 0.017303
3.750000 0.018254
3.760000 0.013748
3.770000 0.015481
3.780000 0.019506
3.790000 0.018382
3.800000 0.016000
3.810000 0.012632
3.820000 0.016335
3.830000 0.015500
3.840000 0.016415
3.850000 0.013608
3.860000 0.014276
3.870000 0.013468
3.880000 0.013399
3.890000 0.012603
3.900000 0.012297
3.910000 0.010315
3.920000 0.013366
3.930000 0.011398
3.940000 0.008978
3.950000 0.013399
3.960000 0.012162
3.970000 0.011170
3.980000 0.014355
3.990000 0.013132
4.000000 0.008482
4.010000 0.011633
4.020000 0.010667
4.030000 0.013098
4.040000 0.012809
4.050000 0.012075
4.060000 0.013796
4.070000 0.015278
4.080000 0.015865
4.090000 0.012717
4.100000 0.009819
4.110000 0.013246
4.120000 0.009724
4.130000 0.010967
4.140000 0.013911
4.150000 0.010862
4.160000 0.008266
4.170000 0.012024
4.180000 0.010707
4.190000 0.011492
4.200000 0.012061
4.210000 0.009106
4.220000 0.014831
4.230000 0.008815
4.240000 0.010610
4.250000 0.010154
4.260000 0.009702
4.270000 0.009657
4.280000 0.012616
4.290000 0.013355
4.300000 0.009523
4.310000 0.010466
4.320000 0.010418
4.330000 0.009783
4.340000 0.012465
4.350000 0.010857
4.360000 0.008491
4.370000 0.009413
4.380000 0.008223
4.390000 0.011231
4.400000 0.009096
4.410000 0.011129
4.420000 0.010516
4.430000 0.010842
4.440000 0.011166
4.450000 0.007040
4.460000 0.009406
4.470000 0.008813
4.480000 0.009140
4.490000 0.008371
4.500000 0.008515
4.510000 0.008297
4.520000 0.007363
4.530000 0.008403
4.540000 0.008010
4.550000 0.007443
4.560000 0.008822
4.570000 0.008256
4.580000 0.006996
4.590000 0.009926
4.600000 0.008496
4.610000 0.006388
4.620000 0.010657
4.630000 0.007017
4.640000 0.007498
4.650000 0.008654
4.660000 0.006420
4.670000 0.010262
4.680000 0.007706
4.690000 0.007673
4.700000 0.010630
4.710000 0.009097
4.720000 0.009388
4.730000 0.009512
4.740000 0.006206
4.750000 0.009107
4.760000 0.007611
4.770000 0.007741
4.780000 0.007226
4.790000 0.007196
4.800000 0.007644
4.810000 0.006344
4.820000 0.008529
4.830000 0.006763
4.840000 0.007832
4.850000 0.005460
4.860000 0.006835
4.870000 0.004641
4.880000 0.007242
4.890000 0.005831
4.900000 0.005960
4.910000 0.007001
4.920000 0.006518
4.930000 0.004680
4.940000 0.007669
4.950000 0.004942
4.960000 0.005817
4.970000 0.006834
4.980000 0.007694
4.990000 0.005011
5.000000 0.006605
5.010000 0.007164
5.020000 0.005533
5.030000 0.006092
5.040000 0.006067
5.050000 0.007914
5.060000 0.006593
5.070000 0.008137
5.080000 0.007110
5.090000 0.006657
5.100000 0.006631
5.110000 0.005059
5.120000 0.007839
5.130000 0.006554
5.140000 0.007362
5.150000 0.008302
5.160000 0.006064
5.170000 0.004943
5.180000 0.005744
5.190000 0.006812
5.200000 0.006379
5.210000 0.006354
5.220000 0.008485
5.230000 0.006440
5.240000 0.006282
5.250000 0.007456
5.260000 0.007428
5.270000 0.006475
5.280000 0.007635
5.290000 0.006295
5.300000 0.006924
5.310000 0.006898
5.320000 0.005576
5.330000 0.006072
5.340000 0.003475
5.350000 0.006668
5.360000 0.006132
5.370000 0.004709
5.380000 0.007101
5.390000 0.005811
5.400000 0.007929
5.410000 0.005267
5.420000 0.006621
5.430000 0.005726
5.440000 0.006201
5.450000 0.005807
5.460000 0.005663
5.470000 0.004784
5.480000 0.006722
5.490000 0.006089
5.500000 0.004125
5.510000 0.006891
5.520000 0.006625
5.530000 0.006361
5.540000 0.005142
5.550000 0.006554
5.560000 0.004512
5.570000 0.005087
5.580000 0.004479
5.590000 0.004111
5.600000 0.004682
5.610000 0.005598
5.620000 0.004300
5.630000 0.003590
5.640000 0.006115
5.650000 0.006324
5.660000 0.004927
5.670000 0.005023
5.680000 0.004892
5.690000 0.005555
5.700000 0.005649
5.710000 0.006079
5.720000 0.005160
5.730000 0.005590
5.740000 0.005570
5.750000 0.005218
5.760000 0.004315
5.770000 0.004961
5.780000 0.005054
5.790000 0.004161
5.800000 0.004365
5.810000 0.005654
5.820000 0.005418
5.830000 0.005292
5.840000 0.003982
5.850000 0.005577
5.860000 0.004489
5.870000 0.005859
5.880000 0.004671
5.890000 0.006243
5.900000 0.004956
5.910000 0.004624
5.920000 0.003666
5.930000 0.005532
5.940000 0.004994
5.950000 0.004562
5.960000 0.005580
5.970000 0.004429
5.980000 0.003798
