0.319939   36.459993
0.353617   33.234810
0.387295   26.682288
0.420973   21.962063
0.454650   19.963356
0.488328   18.227618
0.522006   15.263536
0.555684   14.008297
0.589362   13.492279
0.623039   11.158061
0.656717   9.650017
0.690395   8.921080
0.724073   8.519658
0.757751   7.331262
0.791428   6.508423
0.825106   5.984171
0.858784   5.494216
0.892462   5.071230
0.926140   4.596678
0.959817   4.827118
0.993495   4.376830
1.027173   4.162701
1.060851   4.635083
1.094529   4.002426
1.128206   3.780041
1.161884   3.621215
1.195562   3.401469
1.229240   3.323531
1.262918   3.391306
1.296596   3.206510
1.330273   3.195262
1.363951   2.777190
1.397629   2.493311
1.431307   2.367023
1.464985   2.345848
1.498662   2.311473
1.532340   1.983997
1.566018   2.139309
1.599696   1.846108
1.633374   1.846175
1.667051   1.780060
1.700729   1.775932
1.734407   1.650041
1.768085   1.531725
1.801763   1.716586
1.835440   1.538625
1.869118   1.397130
1.902796   1.491151
1.936474   1.358270
1.970152   1.388608
2.003829   1.341803
2.037507   1.181367
2.071185   1.211177
2.104863   1.224400
2.138541   1.258637
2.172218   1.154578
2.205896   1.132493
2.239574   1.019223
2.273252   1.117482
2.306930   1.021299
2.340607   1.015544
2.374285   0.994425
2.407963   1.000590
2.441641   0.974946
2.475319   0.950194
2.508997   0.944630
2.542674   0.841375
2.576352   0.902549
2.610030   0.940127
2.643708   0.895616
2.677386   0.880550
2.711063   0.866090
2.744741   0.855363
2.778419   0.858235
2.812097   0.834647
2.845775   0.827848
2.879452   0.754702
2.913130   0.773029
2.946808   0.737809
2.980486   0.746506
3.014164   0.792589
3.047841   0.744307
3.081519   0.734602
3.115197   0.730117
3.148875   0.665782
3.182553   0.690551
3.216230   0.681061
3.249908   0.727690
3.283586   0.691623
3.317264   0.657536
3.350942   0.657398
3.384619   0.611766
3.418297   0.601678
3.451975   0.569317
3.485653   0.508935
3.519331   0.583089
3.553008   0.567605
3.586686   0.609339
3.620364   0.537113
3.654042   0.547246
3.687720   0.533936
3.721398   0.504745
3.755075   0.495088
3.788753   0.508963
3.822431   0.539716
3.856109   0.565182
3.889787   0.517725
3.923464   0.561425
3.957142   0.514174
3.990820   0.508669
4.024498   0.525849
4.058176   0.489048
4.091853   0.479784
4.125531   0.487480
4.159209   0.456561
4.192887   0.496296
4.226565   0.457370
4.260242   0.466958
4.293920   0.490037
4.327598   0.491030
4.361276   0.468053
4.394954   0.463878
4.428631   0.457890
4.462309   0.491805
4.495987   0.483439
4.529665   0.470896
4.563343   0.436752
4.597020   0.458406
4.630698   0.466371
4.664376   0.481976
4.698054   0.460443
4.731732   0.504408
4.765409   0.482426
4.799087   0.451815
4.832765   0.505551
4.866443   0.480488
4.900121   0.506855
4.933799   0.484090
4.967476   0.521326
5.001154   0.521506
5.034832   0.501948
5.068510   0.516650
5.102188   0.505159
5.135865   0.542960
5.169543   0.569760
5.203221   0.537314
5.236899   0.538906
5.270577   0.604083
5.304254   0.621175
5.337932   0.624962
5.371610   0.649785
5.405288   0.637418
5.438966   0.693267
5.472643   0.702193
5.506321   0.748072
5.539999   0.793896
5.573677   0.893887
5.607355   0.840895
5.641032   0.851220
5.674710   0.967702
5.708388   0.944575
5.742066   1.002735
5.775744   1.093656
5.809421   1.134690
5.843099   1.191885
5.876777   1.189808
5.910455   1.304279
5.944133   1.300848
5.977811   1.417870
6.011488   1.405515
6.045166   1.497186
6.078844   1.624938
6.112522   1.441806
6.146200   1.663184
6.179877   1.585091
6.213555   1.585947
6.247233   1.583706
6.280911   1.679470
6.314589   1.610123
6.348266   1.584566
6.381944   1.605108
6.415622   1.496747
6.449300   1.567246
6.482978   1.549778
6.516655   1.481549
6.550333   1.355664
6.584011   1.349660
6.617689   1.395939
6.651367   1.407877
6.685044   1.312689
6.718722   1.303632
6.752400   1.416904
6.786078   1.275343
6.819756   1.205805
6.853433   1.190630
6.887111   1.255447
6.920789   1.095414
6.954467   1.118840
6.988145   1.106735
7.021822   1.112884
7.055500   1.081457
7.089178   1.074621
7.122856   1.099210
7.156534   1.026185
7.190212   1.067790
7.223889   0.962913
7.257567   1.030046
7.291245   0.931102
7.324923   0.987933
7.358601   0.979279
7.392278   0.935080
7.425956   0.997763
7.459634   0.952969
7.493312   0.989323
7.526990   0.915230
7.560667   0.941841
7.594345   1.108972
7.628023   1.018776
7.661701   0.999584
7.695379   0.989191
7.729056   0.967665
7.762734   1.006028
7.796412   1.003270
7.830090   0.995751
7.863768   1.012366
7.897445   0.975947
7.931123   0.997420
7.964801   1.100828
7.998479   1.018111
