0.000000 0.000000
0.010000 0.000000
0.020000 0.000000
0.030000 0.000000
0.040000 0.000000
0.050000 0.000000
0.060000 0.000000
0.070000 0.000000
0.080000 0.000000
0.090000 0.000000
0.100000 0.000000
0.110000 0.000000
0.120000 0.000000
0.130000 0.000000
0.140000 0.000000
0.150000 0.000000
0.160000 0.000000
0.170000 0.000000
0.180000 0.000000
0.190000 0.000000
0.200000 0.000000
0.210000 0.000000
0.220000 0.000000
0.230000 0.000000
0.240000 0.000000
0.250000 0.000000
0.260000 0.000000
0.270000 0.000000
0.280000 0.000000
0.290000 0.000000
0.300000 0.000000
0.310000 0.000000
0.320000 0.000000
0.330000 0.000000
0.340000 0.000000
0.350000 0.000000
0.360000 0.000000
0.370000 0.000000
0.380000 0.000000
0.390000 0.000000
0.400000 0.000000
0.410000 0.000000
0.420000 0.000000
0.430000 0.000000
0.440000 0.000000
0.450000 0.000000
0.460000 0.000000
0.470000 0.000000
0.480000 0.000000
0.490000 0.000000
0.500000 0.000000
0.510000 0.000000
0.520000 0.000000
0.530000 0.000000
0.540000 0.000000
0.550000 0.000000
0.560000 0.000000
0.570000 0.000000
0.580000 0.000000
0.590000 0.000000
0.600000 0.000000
0.610000 0.000000
0.620000 0.000000
0.630000 0.000000
0.640000 0.000000
0.650000 0.000000
0.660000 0.000000
0.670000 0.000000
0.680000 0.000000
0.690000 0.000000
0.700000 0.000000
0.710000 0.000000
0.720000 0.000000
0.730000 0.000000
0.740000 0.000000
0.750000 0.000000
0.760000 0.000000
0.770000 0.000000
0.780000 0.000000
0.790000 0.000000
0.800000 0.000000
0.810000 0.000000
0.820000 0.000000
0.830000 0.000000
0.840000 0.000000
0.850000 0.000000
0.860000 0.000000
0.870000 0.000000
0.880000 0.000000
0.890000 0.000000
0.900000 0.000000
0.910000 0.000000
0.920000 0.000000
0.930000 0.000000
0.940000 0.000000
0.950000 0.000000
0.960000 0.000000
0.970000 0.000000
0.980000 0.000000
0.990000 0.000000
1.000000 1.000000
1.010000 0.964516
1.020000 0.657770
1.030000 0.767274
1.040000 0.647812
1.050000 0.782547
1.060000 0.706631
1.070000 0.739546
1.080000 0.715556
1.090000 0.849194
1.100000 0.006698
1.110000 0.003289
1.120000 0.003231
1.130000 0.003174
1.140000 0.000000
1.150000 0.006131
1.160000 0.000000
1.170000 0.002962
1.180000 0.000000
1.190000 0.002864
1.200000 0.000000
1.210000 0.000000
1.220000 0.002725
1.230000 0.010724
1.240000 0.002638
1.250000 0.005193
1.260000 0.002555
1.270000 0.005031
1.280000 0.002476
1.290000 0.012192
1.300000 0.009605
1.310000 0.004729
1.320000 0.004658
1.330000 0.002294
1.340000 0.011302
1.350000 0.000000
1.360000 0.006584
1.370000 0.010814
1.380000 0.010659
1.390000 0.010507
1.400000 0.008286
1.410000 0.030635
1.420000 0.010069
1.430000 0.013901
1.440000 0.017626
1.450000 0.023179
1.460000 0.017148
1.470000 0.016916
1.480000 0.018543
1.490000 0.014637
1.500000 0.025275
1.510000 0.023161
1.520000 0.014067
1.530000 0.013884
1.540000 0.010279
1.550000 0.018602
1.560000 0.018365
1.570000 0.016485
1.580000 0.011394
1.590000 0.017681
1.600000 0.007937
1.610000 0.025085
1.620000 0.007743
1.630000 0.016827
1.640000 0.012089
1.650000 0.023887
1.660000 0.025076
1.670000 0.026235
1.680000 0.025924
1.690000 0.027043
1.700000 0.036573
1.710000 0.038928
1.720000 0.049472
1.730000 0.039395
1.740000 0.075203
1.750000 0.074348
1.760000 0.102387
1.770000 0.102534
1.780000 0.101388
1.790000 0.111684
1.800000 0.116726
1.810000 0.127856
1.820000 0.112954
1.830000 0.121441
1.840000 0.106914
1.850000 0.083186
1.860000 0.084647
1.870000 0.059321
1.880000 0.054089
1.890000 0.039855
1.900000 0.047326
1.910000 0.047948
1.920000 0.035312
1.930000 0.045870
1.940000 0.047561
1.950000 0.041726
1.960000 0.028594
1.970000 0.050320
1.980000 0.053966
1.990000 0.050344
2.000000 0.060015
2.010000 0.068485
2.020000 0.075788
2.030000 0.066158
2.040000 0.080180
2.050000 0.081338
2.060000 0.099731
2.070000 0.075029
2.080000 0.088421
2.090000 0.101554
2.100000 0.067368
2.110000 0.058506
2.120000 0.055240
2.130000 0.051135
2.140000 0.046215
2.150000 0.036982
2.160000 0.025300
2.170000 0.015559
2.180000 0.012848
2.190000 0.011033
2.200000 0.010934
2.210000 0.014169
2.220000 0.010738
2.230000 0.006549
2.240000 0.010547
2.250000 0.010454
2.260000 0.010362
2.270000 0.007901
2.280000 0.014097
2.290000 0.009317
2.300000 0.015393
2.310000 0.011445
2.320000 0.009834
2.330000 0.011250
2.340000 0.009667
2.350000 0.008111
2.360000 0.015353
2.370000 0.019574
2.380000 0.020129
2.390000 0.016397
2.400000 0.015554
2.410000 0.018230
2.420000 0.015993
2.430000 0.016552
2.440000 0.012997
2.450000 0.019676
2.460000 0.018171
2.470000 0.022029
2.480000 0.020528
2.490000 0.017736
2.500000 0.016943
2.510000 0.018102
2.520000 0.023731
2.530000 0.027362
2.540000 0.021466
2.550000 0.020045
2.560000 0.021754
2.570000 0.024669
2.580000 0.016523
2.590000 0.019432
2.600000 0.022898
2.610000 0.020332
2.620000 0.024331
2.630000 0.029447
2.640000 0.031563
2.650000 0.035387
2.660000 0.033394
2.670000 0.033717
2.680000 0.035735
2.690000 0.042789
2.700000 0.045268
2.710000 0.041606
2.720000 0.047910
2.730000 0.045373
2.740000 0.063495
2.750000 0.051182
2.760000 0.057766
2.770000 0.054164
2.780000 0.055358
2.790000 0.045540
2.800000 0.035861
2.810000 0.031478
2.820000 0.037917
2.830000 0.035615
2.840000 0.029302
2.850000 0.035118
2.860000 0.028396
2.870000 0.028694
2.880000 0.020635
2.890000 0.021468
2.900000 0.019382
2.910000 0.022137
2.920000 0.017684
2.930000 0.016140
2.940000 0.024046
2.950000 0.023883
2.960000 0.025118
2.970000 0.018943
2.980000 0.020193
2.990000 0.014588
3.000000 0.028076
3.010000 0.018894
3.020000 0.022344
3.030000 0.025304
3.040000 0.022492
3.050000 0.018840
3.060000 0.024376
3.070000 0.025515
3.080000 0.018905
3.090000 0.021345
3.100000 0.022904
3.110000 0.022757
3.120000 0.023868
3.130000 0.019971
3.140000 0.021912
3.150000 0.023827
3.160000 0.020411
3.170000 0.017037
3.180000 0.019349
3.190000 0.016424
3.200000 0.015924
3.210000 0.021363
3.220000 0.011009
3.230000 0.012894
3.240000 0.012427
3.250000 0.016596
3.260000 0.010741
3.270000 0.014869
3.280000 0.018189
3.290000 0.014312
3.300000 0.012354
3.310000 0.018606
3.320000 0.014425
3.330000 0.014339
3.340000 0.015715
3.350000 0.015258
3.360000 0.010834
3.370000 0.020463
3.380000 0.016060
3.390000 0.015610
3.400000 0.012344
3.410000 0.015779
3.420000 0.016384
3.430000 0.016982
3.440000 0.014471
3.450000 0.018841
3.460000 0.019754
3.470000 0.014223
3.480000 0.021212
3.490000 0.017073
3.500000 0.015644
3.510000 0.019196
3.520000 0.021720
3.530000 0.017016
3.540000 0.019849
3.550000 0.024914
3.560000 0.018983
3.570000 0.020797
3.580000 0.017181
3.590000 0.018668
3.600000 0.020767
3.610000 0.025346
3.620000 0.024273
3.630000 0.022901
3.640000 0.023699
3.650000 0.026019
3.660000 0.021919
3.670000 0.023011
3.680000 0.024091
3.690000 0.025758
3.700000 0.020555
3.710000 0.025185
3.720000 0.026229
3.730000 0.023450
3.740000 0.025949
3.750000 0.025521
3.760000 0.025674
3.770000 0.021521
3.780000 0.022549
3.790000 0.017604
3.800000 0.025137
3.810000 0.019948
3.820000 0.017608
3.830000 0.016126
3.840000 0.014383
3.850000 0.017335
3.860000 0.014508
3.870000 0.011983
3.880000 0.014630
3.890000 0.018868
3.900000 0.014749
3.910000 0.012806
3.920000 0.013272
3.930000 0.015581
3.940000 0.015240
3.950000 0.014117
3.960000 0.013526
3.970000 0.013199
3.980000 0.015193
3.990000 0.011273
4.000000 0.013512
4.010000 0.013698
4.020000 0.018426
4.030000 0.017330
4.040000 0.012746
4.050000 0.015419
4.060000 0.014848
4.070000 0.013790
4.080000 0.015683
4.090000 0.011461
4.100000 0.015288
4.110000 0.013282
4.120000 0.015140
4.130000 0.015545
4.140000 0.013566
4.150000 0.013975
4.160000 0.013672
4.170000 0.014311
4.180000 0.016344
4.190000 0.011154
4.200000 0.014570
4.210000 0.013120
4.220000 0.010309
4.230000 0.011400
4.240000 0.012481
4.250000 0.012422
4.260000 0.010341
4.270000 0.013649
4.280000 0.014031
4.290000 0.014187
4.300000 0.012577
4.310000 0.015593
4.320000 0.014647
4.330000 0.011315
4.340000 0.014079
4.350000 0.012505
4.360000 0.010731
4.370000 0.017091
4.380000 0.014036
4.390000 0.013337
4.400000 0.012223
4.410000 0.015524
4.420000 0.014410
4.430000 0.017671
4.440000 0.015108
4.450000 0.010714
4.460000 0.014563
4.470000 0.016744
4.480000 0.014230
4.490000 0.012953
4.500000 0.017529
4.510000 0.016449
4.520000 0.017575
4.530000 0.016901
4.540000 0.013857
4.550000 0.014387
4.560000 0.017072
4.570000 0.013285
4.580000 0.014394
4.590000 0.014913
4.600000 0.017162
4.610000 0.016320
4.620000 0.015293
4.630000 0.018463
4.640000 0.016489
4.650000 0.014908
4.660000 0.015408
4.670000 0.015342
4.680000 0.012855
4.690000 0.012429
4.700000 0.014408
4.710000 0.012876
4.720000 0.012638
4.730000 0.014774
4.740000 0.015075
4.750000 0.014469
4.760000 0.016209
4.770000 0.014348
4.780000 0.011609
4.790000 0.014584
4.800000 0.012575
4.810000 0.011817
4.820000 0.011241
4.830000 0.012419
4.840000 0.011323
4.850000 0.010583
4.860000 0.012440
4.870000 0.010668
4.880000 0.009939
4.890000 0.011093
4.900000 0.011048
4.910000 0.013034
4.920000 0.010790
4.930000 0.009571
4.940000 0.010201
4.950000 0.014157
4.960000 0.009621
4.970000 0.012061
4.980000 0.009215
4.990000 0.013767
5.000000 0.012080
5.010000 0.011544
5.020000 0.010688
5.030000 0.011291
5.040000 0.011889
5.050000 0.010402
5.060000 0.009723
5.070000 0.010479
5.080000 0.010438
5.090000 0.010554
5.100000 0.012396
5.110000 0.011253
5.120000 0.011988
5.130000 0.008840
5.140000 0.010968
5.150000 0.010464
5.160000 0.009350
5.170000 0.010078
5.180000 0.013994
5.190000 0.011212
5.200000 0.010415
5.210000 0.011127
5.220000 0.011384
5.230000 0.010594
5.240000 0.009811
5.250000 0.011402
5.260000 0.011949
5.270000 0.009846
5.280000 0.013176
5.290000 0.011085
5.300000 0.010898
5.310000 0.011146
5.320000 0.013267
5.330000 0.009913
5.340000 0.010878
5.350000 0.012549
5.360000 0.010655
5.370000 0.010616
5.380000 0.011845
5.390000 0.012925
5.400000 0.011758
5.410000 0.011296
5.420000 0.011949
5.430000 0.010659
5.440000 0.009379
5.450000 0.010581
5.460000 0.012323
5.470000 0.011595
5.480000 0.012097
5.490000 0.010834
5.500000 0.011200
5.510000 0.013310
5.520000 0.011788
5.530000 0.011879
5.540000 0.010906
5.550000 0.010999
5.560000 0.010167
5.570000 0.012499
5.580000 0.009439
5.590000 0.010581
5.600000 0.011064
5.610000 0.009857
5.620000 0.008530
5.630000 0.011333
5.640000 0.011164
5.650000 0.011125
5.660000 0.008792
5.670000 0.010920
5.680000 0.009236
5.690000 0.010591
5.700000 0.009423
5.710000 0.009265
5.720000 0.008983
5.730000 0.008454
5.740000 0.010779
5.750000 0.008766
5.760000 0.009105
5.770000 0.009564
5.780000 0.010264
5.790000 0.011081
5.800000 0.009708
5.810000 0.008949
5.820000 0.009159
5.830000 0.010329
5.840000 0.008618
5.850000 0.008708
5.860000 0.010224
5.870000 0.011137
5.880000 0.009092
5.890000 0.008590
5.900000 0.008913
5.910000 0.007714
5.920000 0.010483
5.930000 0.008475
5.940000 0.011339
5.950000 0.008072
5.960000 0.008619
5.970000 0.009621
5.980000 0.009019
