0.319939   32.906746
0.353617   34.344280
0.387295   35.778549
0.420973   33.795043
0.454650   34.941836
0.488328   32.317563
0.522006   30.519922
0.555684   26.531630
0.589362   23.028437
0.623039   19.933152
0.656717   19.534551
0.690395   18.537859
0.724073   16.365722
0.757751   14.717146
0.791428   13.445416
0.825106   11.684108
0.858784   10.659094
0.892462   9.668482
0.926140   9.214172
0.959817   8.393782
0.993495   7.510497
1.027173   7.668095
1.060851   7.083626
1.094529   6.404942
1.128206   6.236728
1.161884   5.889738
1.195562   5.478253
1.229240   4.675767
1.262918   4.739820
1.296596   4.695686
1.330273   4.357396
1.363951   3.928162
1.397629   3.732021
1.431307   3.769506
1.464985   3.527583
1.498662   3.078254
1.532340   2.837895
1.566018   2.831088
1.599696   2.529949
1.633374   2.472962
1.667051   2.428479
1.700729   2.122786
1.734407   2.250949
1.768085   2.033106
1.801763   2.050901
1.835440   1.784802
1.869118   1.760260
1.902796   1.545152
1.936474   1.458350
1.970152   1.370788
2.003829   1.281552
2.037507   1.310144
2.071185   1.279758
2.104863   1.175603
2.138541   1.192084
2.172218   1.146602
2.205896   1.065144
2.239574   1.122489
2.273252   0.980705
2.306930   0.970477
2.340607   0.874370
2.374285   0.850522
2.407963   0.817824
2.441641   0.769414
2.475319   0.779852
2.508997   0.704996
2.542674   0.716080
2.576352   0.660356
2.610030   0.680252
2.643708   0.635774
2.677386   0.626089
2.711063   0.554808
2.744741   0.563220
2.778419   0.577893
2.812097   0.536480
2.845775   0.550540
2.879452   0.528457
2.913130   0.500419
2.946808   0.483216
2.980486   0.449529
3.014164   0.428746
3.047841   0.458574
3.081519   0.452232
3.115197   0.426447
3.148875   0.395764
3.182553   0.438641
3.216230   0.398979
3.249908   0.432599
3.283586   0.392579
3.317264   0.391438
3.350942   0.381518
3.384619   0.365100
3.418297   0.371406
3.451975   0.382374
3.485653   0.352468
3.519331   0.336749
3.553008   0.336122
3.586686   0.333680
3.620364   0.337051
3.654042   0.324223
3.687720   0.351327
3.721398   0.339373
3.755075   0.323430
3.788753   0.314792
3.822431   0.333171
3.856109   0.315977
3.889787   0.326782
3.923464   0.292442
3.957142   0.308077
3.990820   0.322260
4.024498   0.311980
4.058176   0.297674
4.091853   0.320198
4.125531   0.307273
4.159209   0.299689
4.192887   0.309630
4.226565   0.310430
4.260242   0.289668
4.293920   0.317798
4.327598   0.301606
4.361276   0.325497
4.394954   0.315917
4.428631   0.298581
4.462309   0.330934
4.495987   0.310192
4.529665   0.299525
4.563343   0.312763
4.597020   0.315229
4.630698   0.332512
4.664376   0.317199
4.698054   0.331712
4.731732   0.331202
4.765409   0.364044
4.799087   0.369476
4.832765   0.374574
4.866443   0.369046
4.900121   0.367456
4.933799   0.411431
4.967476   0.410378
5.001154   0.402703
5.034832   0.426705
5.068510   0.437219
5.102188   0.448416
5.135865   0.451405
5.169543   0.452492
5.203221   0.478162
5.236899   0.484530
5.270577   0.473531
5.304254   0.528101
5.337932   0.543286
5.371610   0.529319
5.405288   0.555430
5.438966   0.606440
5.472643   0.618735
5.506321   0.650916
5.539999   0.615044
5.573677   0.674567
5.607355   0.734212
5.641032   0.757080
5.674710   0.775440
5.708388   0.754171
5.742066   0.811461
5.775744   0.821826
5.809421   0.929294
5.843099   0.903983
5.876777   0.970230
5.910455   1.028259
5.944133   1.012289
5.977811   1.055954
6.011488   1.109396
6.045166   1.100630
6.078844   1.104395
6.112522   1.204192
6.146200   1.166129
6.179877   1.198575
6.213555   1.170015
6.247233   1.313999
6.280911   1.326016
6.314589   1.262892
6.348266   1.369994
6.381944   1.417335
6.415622   1.346254
6.449300   1.453186
6.482978   1.462040
6.516655   1.442985
6.550333   1.491045
6.584011   1.454595
6.617689   1.470018
6.651367   1.394073
6.685044   1.450615
6.718722   1.405475
6.752400   1.437766
6.786078   1.532796
6.819756   1.435064
6.853433   1.450824
6.887111   1.455997
6.920789   1.437573
6.954467   1.426238
6.988145   1.487759
7.021822   1.412386
7.055500   1.433979
7.089178   1.436694
7.122856   1.434879
7.156534   1.403645
7.190212   1.446098
7.223889   1.383069
7.257567   1.392753
7.291245   1.414333
7.324923   1.342961
7.358601   1.442634
7.392278   1.398589
7.425956   1.407480
7.459634   1.371027
7.493312   1.272185
7.526990   1.295428
7.560667   1.362066
7.594345   1.307947
7.628023   1.304800
7.661701   1.372485
7.695379   1.344748
7.729056   1.436838
7.762734   1.343977
7.796412   1.347686
7.830090   1.344495
7.863768   1.299645
7.897445   1.315241
7.931123   1.362872
7.964801   1.372493
7.998479   1.338184
9.985469   0.663160
