0.000000 0.000000
0.010000 0.000000
0.020000 0.000000
0.030000 0.000000
0.040000 0.000000
0.050000 0.000000
0.060000 0.000000
0.070000 0.000000
0.080000 0.000000
0.090000 0.000000
0.100000 0.000000
0.110000 0.000000
0.120000 0.000000
0.130000 0.000000
0.140000 0.000000
0.150000 0.000000
0.160000 0.000000
0.170000 0.000000
0.180000 0.000000
0.190000 0.000000
0.200000 0.000000
0.210000 0.000000
0.220000 0.000000
0.230000 0.000000
0.240000 0.000000
0.250000 0.000000
0.260000 0.000000
0.270000 0.000000
0.280000 0.000000
0.290000 0.000000
0.300000 0.000000
0.310000 0.000000
0.320000 0.000000
0.330000 0.000000
0.340000 0.000000
0.350000 0.000000
0.360000 0.000000
0.370000 0.000000
0.380000 0.000000
0.390000 0.000000
0.400000 0.000000
0.410000 0.000000
0.420000 0.000000
0.430000 0.000000
0.440000 0.000000
0.450000 0.000000
0.460000 0.000000
0.470000 0.000000
0.480000 0.000000
0.490000 0.000000
0.500000 0.000000
0.510000 0.000000
0.520000 0.000000
0.530000 0.000000
0.540000 0.000000
0.550000 0.000000
0.560000 0.000000
0.570000 0.000000
0.580000 0.000000
0.590000 0.000000
0.600000 0.000000
0.610000 0.000000
0.620000 0.000000
0.630000 0.000000
0.640000 0.000000
0.650000 0.000000
0.660000 0.000000
0.670000 0.000000
0.680000 0.000000
0.690000 0.000000
0.700000 0.000000
0.710000 0.000000
0.720000 0.000000
0.730000 0.000000
0.740000 0.000000
0.750000 0.000000
0.760000 0.000000
0.770000 0.000000
0.780000 0.000000
0.790000 0.000000
0.800000 0.000000
0.810000 0.000000
0.820000 0.000000
0.830000 0.000000
0.840000 0.000000
0.850000 0.000000
0.860000 0.000000
0.870000 0.000000
0.880000 0.000000
0.890000 0.000000
0.900000 0.000000
0.910000 0.000000
0.920000 0.000000
0.930000 0.000000
0.940000 0.000000
0.950000 0.000000
0.960000 0.000000
0.970000 0.000000
0.980000 0.000000
0.990000 0.000000
1.000000 0.879645
1.010000 0.832244
1.020000 0.875221
1.030000 0.771391
1.040000 0.887556
1.050000 0.993617
1.060000 0.870967
1.070000 1.000000
1.080000 0.707212
1.090000 0.689172
1.100000 0.015265
1.110000 0.000000
1.120000 0.009818
1.130000 0.019292
1.140000 0.014217
1.150000 0.009315
1.160000 0.032044
1.170000 0.031501
1.180000 0.039821
1.190000 0.039157
1.200000 0.034231
1.210000 0.025252
1.220000 0.045543
1.230000 0.048882
1.240000 0.028058
1.250000 0.067060
1.260000 0.054357
1.270000 0.042041
1.280000 0.045152
1.290000 0.044458
1.300000 0.051075
1.310000 0.079045
1.320000 0.095551
1.330000 0.097611
1.340000 0.075558
1.350000 0.121823
1.360000 0.100037
1.370000 0.092015
1.380000 0.119842
1.390000 0.121322
1.400000 0.094422
1.410000 0.136535
1.420000 0.107089
1.430000 0.099567
1.440000 0.145803
1.450000 0.137936
1.460000 0.150534
1.470000 0.117086
1.480000 0.123967
1.490000 0.133433
1.500000 0.142638
1.510000 0.119106
1.520000 0.157622
1.530000 0.097564
1.540000 0.137951
1.550000 0.100210
1.560000 0.101470
1.570000 0.092672
1.580000 0.106345
1.590000 0.078151
1.600000 0.086828
1.610000 0.080992
1.620000 0.058822
1.630000 0.058105
1.640000 0.061992
1.650000 0.068050
1.660000 0.051547
1.670000 0.033218
1.680000 0.065649
1.690000 0.043251
1.700000 0.029922
1.710000 0.027461
1.720000 0.041760
1.730000 0.041280
1.740000 0.022444
1.750000 0.024207
1.760000 0.031911
1.770000 0.039440
1.780000 0.021450
1.790000 0.021211
1.800000 0.026698
1.810000 0.020747
1.820000 0.020520
1.830000 0.016606
1.840000 0.016427
1.850000 0.027084
1.860000 0.019649
1.870000 0.019440
1.880000 0.024480
1.890000 0.022492
1.900000 0.037665
1.910000 0.016942
1.920000 0.030180
1.930000 0.024891
1.940000 0.021351
1.950000 0.016256
1.960000 0.040227
1.970000 0.043007
1.980000 0.063073
1.990000 0.054637
2.000000 0.054094
2.010000 0.065800
2.020000 0.065152
2.030000 0.112522
2.040000 0.153023
2.050000 0.183905
2.060000 0.138417
2.070000 0.163060
2.080000 0.160071
2.090000 0.169871
2.100000 0.147228
2.110000 0.133339
2.120000 0.111448
2.130000 0.100865
2.140000 0.110730
2.150000 0.065555
2.160000 0.087485
2.170000 0.069609
2.180000 0.061165
2.190000 0.064477
2.200000 0.049837
2.210000 0.056986
2.220000 0.053965
2.230000 0.059703
2.240000 0.064103
2.250000 0.075754
2.260000 0.060554
2.270000 0.082831
2.280000 0.058308
2.290000 0.076675
2.300000 0.081858
2.310000 0.071878
2.320000 0.078157
2.330000 0.088885
2.340000 0.065531
2.350000 0.077299
2.360000 0.072203
2.370000 0.079307
2.380000 0.067721
2.390000 0.048743
2.400000 0.056931
2.410000 0.059657
2.420000 0.064449
2.430000 0.073351
2.440000 0.045730
2.450000 0.068037
2.460000 0.046013
2.470000 0.058828
2.480000 0.053325
2.490000 0.043916
2.500000 0.044556
2.510000 0.043220
2.520000 0.039955
2.530000 0.044474
2.540000 0.046044
2.550000 0.027601
2.560000 0.030219
2.570000 0.034670
2.580000 0.039051
2.590000 0.030447
2.600000 0.035707
2.610000 0.039978
2.620000 0.037870
2.630000 0.029530
2.640000 0.032859
2.650000 0.037019
2.660000 0.032368
2.670000 0.035599
2.680000 0.027578
2.690000 0.023952
2.700000 0.026323
2.710000 0.035401
2.720000 0.026775
2.730000 0.029071
2.740000 0.032158
2.750000 0.032743
2.760000 0.021130
2.770000 0.020978
2.780000 0.028838
2.790000 0.032608
2.800000 0.037904
2.810000 0.018817
2.820000 0.029584
2.830000 0.030921
2.840000 0.023028
2.850000 0.027441
2.860000 0.024222
2.870000 0.025557
2.880000 0.029859
2.890000 0.031136
2.900000 0.044910
2.910000 0.037291
2.920000 0.038488
2.930000 0.031735
2.940000 0.044415
2.950000 0.039134
2.960000 0.043818
2.970000 0.031590
2.980000 0.036957
2.990000 0.042944
3.000000 0.047475
3.010000 0.043743
3.020000 0.044134
3.030000 0.051263
3.040000 0.056958
3.050000 0.053257
3.060000 0.053571
3.070000 0.063079
3.080000 0.060060
3.090000 0.064861
3.100000 0.058644
3.110000 0.056347
3.120000 0.062986
3.130000 0.060688
3.140000 0.055277
3.150000 0.054928
3.160000 0.040316
3.170000 0.052389
3.180000 0.045323
3.190000 0.040171
3.200000 0.050808
3.210000 0.040875
3.220000 0.043608
3.230000 0.049870
3.240000 0.047203
3.250000 0.035771
3.260000 0.032638
3.270000 0.037074
3.280000 0.035121
3.290000 0.042920
3.300000 0.039816
3.310000 0.037315
3.320000 0.043835
3.330000 0.037427
3.340000 0.042202
3.350000 0.036983
3.360000 0.038958
3.370000 0.038182
3.380000 0.034161
3.390000 0.035038
3.400000 0.026258
3.410000 0.035162
3.420000 0.030719
3.430000 0.037913
3.440000 0.027223
3.450000 0.034873
3.460000 0.031567
3.470000 0.032414
3.480000 0.027113
3.490000 0.032553
3.500000 0.024276
3.510000 0.028161
3.520000 0.025501
3.530000 0.026849
3.540000 0.025214
3.550000 0.027039
3.560000 0.024443
3.570000 0.024793
3.580000 0.017887
3.590000 0.026441
3.600000 0.029641
3.610000 0.031854
3.620000 0.027423
3.630000 0.031034
3.640000 0.023850
3.650000 0.027440
3.660000 0.024053
3.670000 0.023002
3.680000 0.027910
3.690000 0.027759
3.700000 0.025347
3.710000 0.019358
3.720000 0.029553
3.730000 0.022269
3.740000 0.024808
3.750000 0.032167
3.760000 0.020162
3.770000 0.026595
3.780000 0.026889
3.790000 0.022002
3.800000 0.025748
3.810000 0.024333
3.820000 0.025480
3.830000 0.024925
3.840000 0.021853
3.850000 0.025503
3.860000 0.028282
3.870000 0.025654
3.880000 0.025934
3.890000 0.031944
3.900000 0.027299
3.910000 0.025538
3.920000 0.031054
3.930000 0.031699
3.940000 0.027945
3.950000 0.028599
3.960000 0.027664
3.970000 0.020054
3.980000 0.026214
3.990000 0.029197
4.000000 0.027502
4.010000 0.029677
4.020000 0.028380
4.030000 0.029002
4.040000 0.026581
4.050000 0.033251
4.060000 0.034592
4.070000 0.032177
4.080000 0.030531
4.090000 0.026677
4.100000 0.027653
4.110000 0.029353
4.120000 0.026290
4.130000 0.033794
4.140000 0.026760
4.150000 0.028431
4.160000 0.024713
4.170000 0.028159
4.180000 0.029799
4.190000 0.033540
4.200000 0.028110
4.210000 0.034971
4.220000 0.031325
4.230000 0.032217
4.240000 0.024480
4.250000 0.030199
4.260000 0.029716
4.270000 0.023798
4.280000 0.030116
4.290000 0.025597
4.300000 0.034195
4.310000 0.019354
4.320000 0.026572
4.330000 0.026119
4.340000 0.025012
4.350000 0.023914
4.360000 0.024131
4.370000 0.024021
4.380000 0.020357
4.390000 0.022516
4.400000 0.018251
4.410000 0.022950
4.420000 0.026019
4.430000 0.021164
4.440000 0.022955
4.450000 0.022853
4.460000 0.018699
4.470000 0.026372
4.480000 0.024092
4.490000 0.022755
4.500000 0.015307
4.510000 0.024687
4.520000 0.018206
4.530000 0.022658
4.540000 0.023761
4.550000 0.020662
4.560000 0.024150
4.570000 0.023747
4.580000 0.019802
4.590000 0.025012
4.600000 0.021974
4.610000 0.024213
4.620000 0.023237
4.630000 0.020244
4.640000 0.019869
4.650000 0.021218
4.660000 0.024838
4.670000 0.017910
4.680000 0.019532
4.690000 0.020012
4.700000 0.024698
4.710000 0.023196
4.720000 0.021429
4.730000 0.016627
4.740000 0.017109
4.750000 0.020884
4.760000 0.020797
4.770000 0.022345
4.780000 0.022523
4.790000 0.019456
4.800000 0.020183
4.810000 0.019295
4.820000 0.019482
4.830000 0.017807
4.840000 0.021439
4.850000 0.020560
4.860000 0.017063
4.870000 0.018300
4.880000 0.020048
4.890000 0.022559
4.900000 0.020401
4.910000 0.014403
4.920000 0.021004
4.930000 0.018878
4.940000 0.021597
4.950000 0.021004
4.960000 0.021927
4.970000 0.018827
4.980000 0.020502
4.990000 0.023906
5.000000 0.018106
5.010000 0.017787
5.020000 0.019685
5.030000 0.021077
5.040000 0.019285
5.050000 0.019208
5.060000 0.021312
5.070000 0.024364
5.080000 0.019703
5.090000 0.022019
5.100000 0.018357
5.110000 0.020185
5.120000 0.018924
5.130000 0.017201
5.140000 0.026288
5.150000 0.022679
5.160000 0.017700
5.170000 0.019488
5.180000 0.019413
5.190000 0.021410
5.200000 0.023621
5.210000 0.025815
5.220000 0.018889
5.230000 0.019951
5.240000 0.020100
5.250000 0.021824
5.260000 0.022414
5.270000 0.017863
5.280000 0.025803
5.290000 0.017950
5.300000 0.018986
5.310000 0.018695
5.320000 0.017091
5.330000 0.020519
5.340000 0.018485
5.350000 0.019066
5.360000 0.018780
5.370000 0.019140
5.380000 0.017998
5.390000 0.019212
5.400000 0.018928
5.410000 0.019282
5.420000 0.018578
5.430000 0.018930
5.440000 0.016765
5.450000 0.019209
5.460000 0.019971
5.470000 0.015338
5.480000 0.017760
5.490000 0.015432
5.500000 0.015376
5.510000 0.017363
5.520000 0.019540
5.530000 0.018455
5.540000 0.016570
5.550000 0.018524
5.560000 0.019260
5.570000 0.018391
5.580000 0.019122
5.590000 0.019848
5.600000 0.015030
5.610000 0.018327
5.620000 0.017476
5.630000 0.017610
5.640000 0.015013
5.650000 0.020206
5.660000 0.016456
5.670000 0.017170
5.680000 0.016725
5.690000 0.017433
5.700000 0.016417
5.710000 0.019023
5.720000 0.016492
5.730000 0.016057
5.740000 0.017695
5.750000 0.014069
5.760000 0.017946
5.770000 0.014904
5.780000 0.016152
5.790000 0.014061
5.800000 0.015303
5.810000 0.015251
5.820000 0.015198
5.830000 0.016789
5.840000 0.018004
5.850000 0.016855
5.860000 0.013005
5.870000 0.019261
5.880000 0.018837
5.890000 0.016627
5.900000 0.015680
5.910000 0.018646
5.920000 0.016105
5.930000 0.016580
5.940000 0.015821
5.950000 0.018396
5.960000 0.016938
5.970000 0.016707
5.980000 0.018212
