0.000000 0.000000
0.010000 0.000000
0.020000 0.000000
0.030000 0.000000
0.040000 0.000000
0.050000 0.000000
0.060000 0.000000
0.070000 0.000000
0.080000 0.000000
0.090000 0.000000
0.100000 0.000000
0.110000 0.000000
0.120000 0.000000
0.130000 0.000000
0.140000 0.000000
0.150000 0.000000
0.160000 0.000000
0.170000 0.000000
0.180000 0.000000
0.190000 0.000000
0.200000 0.000000
0.210000 0.000000
0.220000 0.000000
0.230000 0.000000
0.240000 0.000000
0.250000 0.000000
0.260000 0.000000
0.270000 0.000000
0.280000 0.000000
0.290000 0.000000
0.300000 0.000000
0.310000 0.000000
0.320000 0.000000
0.330000 0.000000
0.340000 0.000000
0.350000 0.000000
0.360000 0.000000
0.370000 0.000000
0.380000 0.000000
0.390000 0.000000
0.400000 0.000000
0.410000 0.000000
0.420000 0.000000
0.430000 0.000000
0.440000 0.000000
0.450000 0.000000
0.460000 0.000000
0.470000 0.000000
0.480000 0.000000
0.490000 0.000000
0.500000 0.000000
0.510000 0.000000
0.520000 0.000000
0.530000 0.000000
0.540000 0.000000
0.550000 0.000000
0.560000 0.000000
0.570000 0.000000
0.580000 0.000000
0.590000 0.000000
0.600000 0.000000
0.610000 0.000000
0.620000 0.000000
0.630000 0.000000
0.640000 0.000000
0.650000 0.000000
0.660000 0.000000
0.670000 0.000000
0.680000 0.000000
0.690000 0.000000
0.700000 0.000000
0.710000 0.000000
0.720000 0.000000
0.730000 0.000000
0.740000 0.000000
0.750000 0.000000
0.760000 0.000000
0.770000 0.000000
0.780000 0.000000
0.790000 0.000000
0.800000 0.000000
0.810000 0.000000
0.820000 0.000000
0.830000 0.000000
0.840000 0.000000
0.850000 0.000000
0.860000 0.000000
0.870000 0.000000
0.880000 0.000000
0.890000 0.000000
0.900000 0.000000
0.910000 0.000000
0.920000 0.000000
0.930000 0.000000
0.940000 0.000000
0.950000 0.000000
0.960000 0.000000
0.970000 0.000000
0.980000 0.000000
0.990000 0.000000
1.000000 0.820540
1.010000 0.872916
1.020000 0.885338
1.030000 1.000000
1.040000 0.960769
1.050000 0.903035
1.060000 0.909476
1.070000 0.896449
1.080000 0.831320
1.090000 0.794146
1.100000 0.036104
1.110000 0.049642
1.120000 0.013933
1.130000 0.037642
1.140000 0.020175
1.150000 0.029741
1.160000 0.016240
1.170000 0.009579
1.180000 0.012557
1.190000 0.015435
1.200000 0.015180
1.210000 0.023890
1.220000 0.008813
1.230000 0.017342
1.240000 0.028440
1.250000 0.025190
1.260000 0.027548
1.270000 0.032541
1.280000 0.016018
1.290000 0.018401
1.300000 0.023297
1.310000 0.020395
1.320000 0.025110
1.330000 0.034629
1.340000 0.036553
1.350000 0.057625
1.360000 0.059149
1.370000 0.051297
1.380000 0.059752
1.390000 0.077021
1.400000 0.080394
1.410000 0.112288
1.420000 0.125914
1.430000 0.137010
1.440000 0.158344
1.450000 0.154093
1.460000 0.160212
1.470000 0.196546
1.480000 0.149929
1.490000 0.197239
1.500000 0.192681
1.510000 0.144050
1.520000 0.117524
1.530000 0.119740
1.540000 0.077566
1.550000 0.061986
1.560000 0.070196
1.570000 0.065753
1.580000 0.063171
1.590000 0.041588
1.600000 0.053050
1.610000 0.047325
1.620000 0.031719
1.630000 0.039578
1.640000 0.043985
1.650000 0.025751
1.660000 0.025443
1.670000 0.031425
1.680000 0.037264
1.690000 0.041429
1.700000 0.030329
1.710000 0.034473
1.720000 0.044445
1.730000 0.054185
1.740000 0.044879
1.750000 0.067270
1.760000 0.094812
1.770000 0.123130
1.780000 0.120370
1.790000 0.149133
1.800000 0.162369
1.810000 0.171291
1.820000 0.157506
1.830000 0.140084
1.840000 0.111374
1.850000 0.101208
1.860000 0.063371
1.870000 0.080252
1.880000 0.057071
1.890000 0.055242
1.900000 0.051019
1.910000 0.037265
1.920000 0.035689
1.930000 0.047095
1.940000 0.033794
1.950000 0.031142
1.960000 0.044526
1.970000 0.031645
1.980000 0.035802
1.990000 0.047628
2.000000 0.036188
2.010000 0.042344
2.020000 0.063428
2.030000 0.072386
2.040000 0.070626
2.050000 0.086643
2.060000 0.106481
2.070000 0.096243
2.080000 0.099378
2.090000 0.118520
2.100000 0.113417
2.110000 0.082782
2.120000 0.077123
2.130000 0.071567
2.140000 0.068027
2.150000 0.058854
2.160000 0.047025
2.170000 0.041934
2.180000 0.036935
2.190000 0.046664
2.200000 0.028107
2.210000 0.037738
2.220000 0.056990
2.230000 0.049421
2.240000 0.065600
2.250000 0.058084
2.260000 0.069603
2.270000 0.075806
2.280000 0.064168
2.290000 0.082860
2.300000 0.100397
2.310000 0.083903
2.320000 0.094600
2.330000 0.086514
2.340000 0.102613
2.350000 0.105718
2.360000 0.085121
2.370000 0.078935
2.380000 0.075175
2.390000 0.075317
2.400000 0.066308
2.410000 0.061981
2.420000 0.046478
2.430000 0.044610
2.440000 0.044983
2.450000 0.052663
2.460000 0.042805
2.470000 0.044619
2.480000 0.033552
2.490000 0.027619
2.500000 0.034424
2.510000 0.036241
2.520000 0.031115
2.530000 0.032242
2.540000 0.033350
2.550000 0.027012
2.560000 0.035512
2.570000 0.030583
2.580000 0.025069
2.590000 0.030768
2.600000 0.031182
2.610000 0.034167
2.620000 0.026870
2.630000 0.026032
2.640000 0.025205
2.650000 0.025641
2.660000 0.040346
2.670000 0.041893
2.680000 0.034855
2.690000 0.041880
2.700000 0.037956
2.710000 0.031697
2.720000 0.045713
2.730000 0.048326
2.740000 0.049144
2.750000 0.051692
2.760000 0.052472
2.770000 0.050950
2.780000 0.055700
2.790000 0.045709
2.800000 0.047064
2.810000 0.053406
2.820000 0.045295
2.830000 0.034007
2.840000 0.041393
2.850000 0.030287
2.860000 0.038132
2.870000 0.033067
2.880000 0.038135
2.890000 0.029982
2.900000 0.027164
2.910000 0.036316
2.920000 0.034007
2.930000 0.032752
2.940000 0.029989
2.950000 0.033320
2.960000 0.029586
2.970000 0.035364
2.980000 0.036612
2.990000 0.037351
3.000000 0.036126
3.010000 0.033462
3.020000 0.027460
3.030000 0.034937
3.040000 0.031380
3.050000 0.036843
3.060000 0.035664
3.070000 0.035432
3.080000 0.036593
3.090000 0.033135
3.100000 0.041610
3.110000 0.054973
3.120000 0.044239
3.130000 0.050237
3.140000 0.042787
3.150000 0.047387
3.160000 0.040047
3.170000 0.043731
3.180000 0.046064
3.190000 0.038435
3.200000 0.033475
3.210000 0.042223
3.220000 0.039842
3.230000 0.042545
3.240000 0.036004
3.250000 0.037031
3.260000 0.046316
3.270000 0.036169
3.280000 0.032273
3.290000 0.032889
3.300000 0.042376
3.310000 0.034900
3.320000 0.036684
3.330000 0.030123
3.340000 0.041763
3.350000 0.035640
3.360000 0.030756
3.370000 0.027091
3.380000 0.027701
3.390000 0.034422
3.400000 0.027757
3.410000 0.030240
3.420000 0.026306
3.430000 0.031384
3.440000 0.024516
3.450000 0.026220
3.460000 0.023499
3.470000 0.025189
3.480000 0.026860
3.490000 0.020571
3.500000 0.024042
3.510000 0.021051
3.520000 0.020932
3.530000 0.020814
3.540000 0.021749
3.550000 0.031394
3.560000 0.025668
3.570000 0.025869
3.580000 0.026411
3.590000 0.019784
3.600000 0.020013
3.610000 0.020577
3.620000 0.021806
3.630000 0.023021
3.640000 0.021899
3.650000 0.025409
3.660000 0.028225
3.670000 0.028398
3.680000 0.032464
3.690000 0.023248
3.700000 0.029866
3.710000 0.025234
3.720000 0.030182
3.730000 0.024965
3.740000 0.029546
3.750000 0.025325
3.760000 0.031721
3.770000 0.030625
3.780000 0.030464
3.790000 0.029691
3.800000 0.028013
3.810000 0.030895
3.820000 0.024406
3.830000 0.023680
3.840000 0.022662
3.850000 0.023731
3.860000 0.027740
3.870000 0.021432
3.880000 0.023658
3.890000 0.018306
3.900000 0.023995
3.910000 0.019846
3.920000 0.021461
3.930000 0.020214
3.940000 0.019545
3.950000 0.022264
3.960000 0.023274
3.970000 0.023715
3.980000 0.022486
3.990000 0.027069
4.000000 0.021437
4.010000 0.019690
4.020000 0.023402
4.030000 0.023286
4.040000 0.021015
4.050000 0.026274
4.060000 0.020809
4.070000 0.020442
4.080000 0.020077
4.090000 0.025237
4.100000 0.020667
4.110000 0.017963
4.120000 0.021763
4.130000 0.023204
4.140000 0.025915
4.150000 0.023492
4.160000 0.024650
4.170000 0.020233
4.180000 0.021395
4.190000 0.022044
4.200000 0.019696
4.210000 0.024565
4.220000 0.025931
4.230000 0.021384
4.240000 0.024953
4.250000 0.018262
4.260000 0.020600
4.270000 0.022674
4.280000 0.021848
4.290000 0.021747
4.300000 0.016413
4.310000 0.022256
4.320000 0.020739
4.330000 0.022989
4.340000 0.017046
4.350000 0.015573
4.360000 0.022906
4.370000 0.019116
4.380000 0.014444
4.390000 0.022138
4.400000 0.019084
4.410000 0.017640
4.420000 0.018912
4.430000 0.020620
4.440000 0.015841
4.450000 0.018880
4.460000 0.018574
4.470000 0.019152
4.480000 0.017532
4.490000 0.015709
4.500000 0.018463
4.510000 0.016003
4.520000 0.019377
4.530000 0.018648
4.540000 0.017499
4.550000 0.017210
4.560000 0.020096
4.570000 0.018534
4.580000 0.014469
4.590000 0.019417
4.600000 0.016007
4.610000 0.017180
4.620000 0.016487
4.630000 0.016416
4.640000 0.019615
4.650000 0.018513
4.660000 0.015395
4.670000 0.018153
4.680000 0.017674
4.690000 0.015799
4.700000 0.019317
4.710000 0.021019
4.720000 0.018561
4.730000 0.015730
4.740000 0.017230
4.750000 0.013258
4.760000 0.015921
4.770000 0.015854
4.780000 0.018484
4.790000 0.014955
4.800000 0.015466
4.810000 0.015402
4.820000 0.015527
4.830000 0.015840
4.840000 0.013521
4.850000 0.016271
4.860000 0.014528
4.870000 0.014839
4.880000 0.016441
4.890000 0.015270
4.900000 0.016857
4.910000 0.014781
4.920000 0.017266
4.930000 0.014662
4.940000 0.016766
4.950000 0.014903
4.960000 0.011266
4.970000 0.014071
4.980000 0.019514
4.990000 0.014488
5.000000 0.015134
5.010000 0.014724
5.020000 0.015189
5.030000 0.014259
5.040000 0.013856
5.050000 0.014147
5.060000 0.013403
5.070000 0.014378
5.080000 0.013469
5.090000 0.014265
5.100000 0.014717
5.110000 0.013143
5.120000 0.013595
5.130000 0.014378
5.140000 0.011824
5.150000 0.014432
5.160000 0.015038
5.170000 0.013663
5.180000 0.012626
5.190000 0.015028
5.200000 0.014482
5.210000 0.011995
5.220000 0.012434
5.230000 0.014638
5.240000 0.014582
5.250000 0.013888
5.260000 0.017334
5.270000 0.014734
5.280000 0.014520
5.290000 0.013050
5.300000 0.014411
5.310000 0.014357
5.320000 0.015547
5.330000 0.014714
5.340000 0.015739
5.350000 0.013836
5.360000 0.013937
5.370000 0.014191
5.380000 0.011706
5.390000 0.013025
5.400000 0.011167
5.410000 0.013831
5.420000 0.015578
5.430000 0.012834
5.440000 0.013679
5.450000 0.013333
5.460000 0.015498
5.470000 0.013236
5.480000 0.015093
5.490000 0.010950
5.500000 0.012219
5.510000 0.013045
5.520000 0.013431
5.530000 0.010648
5.540000 0.010897
5.550000 0.012143
5.560000 0.012527
5.570000 0.013049
5.580000 0.012861
5.590000 0.014082
5.600000 0.011647
5.610000 0.013283
5.620000 0.012121
5.630000 0.013189
5.640000 0.010237
5.650000 0.012545
5.660000 0.012775
5.670000 0.012456
5.680000 0.012822
5.690000 0.013049
5.700000 0.011513
5.710000 0.009988
5.720000 0.011433
5.730000 0.011125
5.740000 0.011353
5.750000 0.010648
5.760000 0.010213
5.770000 0.011764
5.780000 0.012382
5.790000 0.011158
5.800000 0.011774
5.810000 0.012907
5.820000 0.010004
5.830000 0.011006
5.840000 0.010968
5.850000 0.010931
5.860000 0.010253
5.870000 0.012006
5.880000 0.010692
5.890000 0.011417
5.900000 0.009103
5.910000 0.011466
5.920000 0.013311
5.930000 0.011013
5.940000 0.012473
5.950000 0.011561
5.960000 0.010036
5.970000 0.012348
5.980000 0.012430
