0.000000 0.000000
0.010000 0.000000
0.020000 0.000000
0.030000 0.000000
0.040000 0.000000
0.050000 0.000000
0.060000 0.000000
0.070000 0.000000
0.080000 0.000000
0.090000 0.000000
0.100000 0.000000
0.110000 0.000000
0.120000 0.000000
0.130000 0.000000
0.140000 0.000000
0.150000 0.000000
0.160000 0.000000
0.170000 0.000000
0.180000 0.000000
0.190000 0.000000
0.200000 0.000000
0.210000 0.000000
0.220000 0.000000
0.230000 0.000000
0.240000 0.000000
0.250000 0.000000
0.260000 0.000000
0.270000 0.000000
0.280000 0.000000
0.290000 0.000000
0.300000 0.000000
0.310000 0.000000
0.320000 0.000000
0.330000 0.000000
0.340000 0.000000
0.350000 0.000000
0.360000 0.000000
0.370000 0.000000
0.380000 0.000000
0.390000 0.000000
0.400000 0.000000
0.410000 0.000000
0.420000 0.000000
0.430000 0.000000
0.440000 0.000000
0.450000 0.000000
0.460000 0.000000
0.470000 0.000000
0.480000 0.000000
0.490000 0.000000
0.500000 0.000000
0.510000 0.000000
0.520000 0.000000
0.530000 0.000000
0.540000 0.000000
0.550000 0.000000
0.560000 0.000000
0.570000 0.000000
0.580000 0.000000
0.590000 0.000000
0.600000 0.000000
0.610000 0.000000
0.620000 0.000000
0.630000 0.000000
0.640000 0.000000
0.650000 0.000000
0.660000 0.000000
0.670000 0.000000
0.680000 0.000000
0.690000 0.000000
0.700000 0.000000
0.710000 0.000000
0.720000 0.000000
0.730000 0.000000
0.740000 0.000000
0.750000 0.000000
0.760000 0.000000
0.770000 0.000000
0.780000 0.000000
0.790000 0.000000
0.800000 0.000000
0.810000 0.000000
0.820000 0.000000
0.830000 0.000000
0.840000 0.000000
0.850000 0.000000
0.860000 0.000000
0.870000 0.000000
0.880000 0.000000
0.890000 0.000000
0.900000 0.000000
0.910000 0.000000
0.920000 0.000000
0.930000 0.000000
0.940000 0.000000
0.950000 0.000000
0.960000 0.000000
0.970000 0.000000
0.980000 0.000000
0.990000 0.000000
1.000000 1.000000
1.010000 0.980393
1.020000 0.955348
1.030000 0.883940
1.040000 0.861323
1.050000 0.828057
1.060000 0.851539
1.070000 0.890396
1.080000 0.890146
1.090000 0.816049
1.100000 0.025850
1.110000 0.010155
1.120000 0.000000
1.130000 0.004900
1.140000 0.009630
1.150000 0.004732
1.160000 0.018605
1.170000 0.009145
1.180000 0.017982
1.190000 0.039785
1.200000 0.021737
1.210000 0.012829
1.220000 0.025240
1.230000 0.012417
1.240000 0.020363
1.250000 0.016032
1.260000 0.031559
1.270000 0.011650
1.280000 0.011469
1.290000 0.026349
1.300000 0.011120
1.310000 0.018253
1.320000 0.046744
1.330000 0.035420
1.340000 0.062812
1.350000 0.058450
1.360000 0.064373
1.370000 0.080135
1.380000 0.088854
1.390000 0.123268
1.400000 0.092738
1.410000 0.154489
1.420000 0.180307
1.430000 0.208458
1.440000 0.199536
1.450000 0.259422
1.460000 0.285306
1.470000 0.295958
1.480000 0.260497
1.490000 0.262673
1.500000 0.256406
1.510000 0.217278
1.520000 0.181865
1.530000 0.125920
1.540000 0.153386
1.550000 0.130534
1.560000 0.069590
1.570000 0.101792
1.580000 0.077896
1.590000 0.049628
1.600000 0.066165
1.610000 0.050826
1.620000 0.047812
1.630000 0.037783
1.640000 0.044324
1.650000 0.029961
1.660000 0.040988
1.670000 0.027000
1.680000 0.017787
1.690000 0.021972
1.700000 0.017372
1.710000 0.036487
1.720000 0.021215
1.730000 0.027262
1.740000 0.018658
1.750000 0.020496
1.760000 0.024317
1.770000 0.022040
1.780000 0.035662
1.790000 0.031348
1.800000 0.019376
1.810000 0.024912
1.820000 0.026535
1.830000 0.048743
1.840000 0.025963
1.850000 0.016511
1.860000 0.023594
1.870000 0.023343
1.880000 0.017766
1.890000 0.019337
1.900000 0.015656
1.910000 0.030985
1.920000 0.025553
1.930000 0.015174
1.940000 0.021693
1.950000 0.029730
1.960000 0.026158
1.970000 0.017802
1.980000 0.020827
1.990000 0.028550
2.000000 0.047109
2.010000 0.059081
2.020000 0.066196
2.030000 0.077742
2.040000 0.111702
2.050000 0.103143
2.060000 0.130274
2.070000 0.127555
2.080000 0.164090
2.090000 0.165403
2.100000 0.159562
2.110000 0.155234
2.120000 0.121623
2.130000 0.103868
2.140000 0.069973
2.150000 0.097871
2.160000 0.083501
2.170000 0.070725
2.180000 0.052890
2.190000 0.045858
2.200000 0.046741
2.210000 0.048893
2.220000 0.059931
2.230000 0.073297
2.240000 0.087676
2.250000 0.096831
2.260000 0.107053
2.270000 0.108553
2.280000 0.116068
2.290000 0.124647
2.300000 0.133073
2.310000 0.118969
2.320000 0.141304
2.330000 0.128518
2.340000 0.148088
2.350000 0.136589
2.360000 0.152365
2.370000 0.121987
2.380000 0.105429
2.390000 0.092445
2.400000 0.097135
2.410000 0.080096
2.420000 0.075143
2.430000 0.075592
2.440000 0.058079
2.450000 0.052370
2.460000 0.050907
2.470000 0.035038
2.480000 0.051113
2.490000 0.030423
2.500000 0.043258
2.510000 0.038923
2.520000 0.032674
2.530000 0.017682
2.540000 0.026315
2.550000 0.024175
2.560000 0.037420
2.570000 0.021897
2.580000 0.024562
2.590000 0.020624
2.600000 0.031629
2.610000 0.016617
2.620000 0.025652
2.630000 0.022730
2.640000 0.022558
2.650000 0.021493
2.660000 0.025776
2.670000 0.031759
2.680000 0.022767
2.690000 0.030420
2.700000 0.019843
2.710000 0.021410
2.720000 0.024654
2.730000 0.025318
2.740000 0.022620
2.750000 0.029942
2.760000 0.025597
2.770000 0.030331
2.780000 0.034183
2.790000 0.019394
2.800000 0.031291
2.810000 0.033459
2.820000 0.033222
2.830000 0.037701
2.840000 0.036656
2.850000 0.036400
2.860000 0.038454
2.870000 0.037423
2.880000 0.034888
2.890000 0.024856
2.900000 0.047126
2.910000 0.046061
2.920000 0.053862
2.930000 0.036641
2.940000 0.050222
2.950000 0.039762
2.960000 0.048111
2.970000 0.037802
2.980000 0.048177
2.990000 0.039410
3.000000 0.027264
3.010000 0.045139
3.020000 0.038632
3.030000 0.040434
3.040000 0.045616
3.050000 0.045994
3.060000 0.046366
3.070000 0.051406
3.080000 0.043777
3.090000 0.054039
3.100000 0.057620
3.110000 0.066359
3.120000 0.068521
3.130000 0.061019
3.140000 0.063823
3.150000 0.061516
3.160000 0.057977
3.170000 0.060117
3.180000 0.065341
3.190000 0.050709
3.200000 0.060841
3.210000 0.051913
3.220000 0.050984
3.230000 0.052479
3.240000 0.061149
3.250000 0.058986
3.260000 0.052703
3.270000 0.053559
3.280000 0.066103
3.290000 0.052330
3.300000 0.057793
3.310000 0.064912
3.320000 0.053103
3.330000 0.052217
3.340000 0.059804
3.350000 0.043184
3.360000 0.044600
3.370000 0.050987
3.380000 0.042973
3.390000 0.035052
3.400000 0.033213
3.410000 0.033560
3.420000 0.027983
3.430000 0.032636
3.440000 0.027127
3.450000 0.028028
3.460000 0.029970
3.470000 0.023524
3.480000 0.026508
3.490000 0.024806
3.500000 0.024151
3.510000 0.023503
3.520000 0.029974
3.530000 0.024248
3.540000 0.026623
3.550000 0.027473
3.560000 0.031789
3.570000 0.032599
3.580000 0.027506
3.590000 0.021003
3.600000 0.024773
3.610000 0.030916
3.620000 0.027863
3.630000 0.030576
3.640000 0.031834
3.650000 0.029770
3.660000 0.035718
3.670000 0.029447
3.680000 0.041839
3.690000 0.031903
3.700000 0.029892
3.710000 0.035677
3.720000 0.033666
3.730000 0.029414
3.740000 0.037809
3.750000 0.035817
3.760000 0.039635
3.770000 0.038982
3.780000 0.032607
3.790000 0.035942
3.800000 0.026597
3.810000 0.031229
3.820000 0.028909
3.830000 0.026612
3.840000 0.026474
3.850000 0.024213
3.860000 0.023665
3.870000 0.028167
3.880000 0.030114
3.890000 0.020805
3.900000 0.026080
3.910000 0.022652
3.920000 0.020079
3.930000 0.020792
3.940000 0.021092
3.950000 0.024618
3.960000 0.021282
3.970000 0.015581
3.980000 0.016696
3.990000 0.017799
4.000000 0.020072
4.010000 0.018797
4.020000 0.014028
4.030000 0.018999
4.040000 0.020834
4.050000 0.026490
4.060000 0.027888
4.070000 0.023189
4.080000 0.021941
4.090000 0.020328
4.100000 0.032966
4.110000 0.027587
4.120000 0.031906
4.130000 0.027321
4.140000 0.032701
4.150000 0.034737
4.160000 0.032023
4.170000 0.030422
4.180000 0.035683
4.190000 0.037665
4.200000 0.033559
4.210000 0.034111
4.220000 0.033596
4.230000 0.033789
4.240000 0.043790
4.250000 0.033472
4.260000 0.037133
4.270000 0.032469
4.280000 0.039194
4.290000 0.034905
4.300000 0.026568
4.310000 0.039329
4.320000 0.032735
4.330000 0.030233
4.340000 0.032769
4.350000 0.035281
4.360000 0.031475
4.370000 0.026055
4.380000 0.025279
4.390000 0.028433
4.400000 0.032858
4.410000 0.025909
4.420000 0.029983
4.430000 0.025355
4.440000 0.027158
4.450000 0.026718
4.460000 0.025965
4.470000 0.026795
4.480000 0.023851
4.490000 0.025932
4.500000 0.022084
4.510000 0.024464
4.520000 0.026514
4.530000 0.020872
4.540000 0.023531
4.550000 0.022515
4.560000 0.023628
4.570000 0.026239
4.580000 0.023122
4.590000 0.024815
4.600000 0.020540
4.610000 0.026379
4.620000 0.022429
4.630000 0.019688
4.640000 0.023114
4.650000 0.023015
4.660000 0.019145
4.670000 0.027728
4.680000 0.021858
4.690000 0.023197
4.700000 0.018251
4.710000 0.021581
4.720000 0.015552
4.730000 0.021399
4.740000 0.015982
4.750000 0.017310
4.760000 0.020852
4.770000 0.023257
4.780000 0.017921
4.790000 0.018396
4.800000 0.013398
4.810000 0.014703
4.820000 0.014100
4.830000 0.015932
4.840000 0.017749
4.850000 0.017676
4.860000 0.017870
4.870000 0.018594
4.880000 0.014550
4.890000 0.016598
4.900000 0.015481
4.910000 0.014634
4.920000 0.017437
4.930000 0.013738
4.940000 0.015231
4.950000 0.014398
4.960000 0.017157
4.970000 0.018364
4.980000 0.016766
4.990000 0.014928
5.000000 0.016632
5.010000 0.015562
5.020000 0.016000
5.030000 0.015439
5.040000 0.017610
5.050000 0.015070
5.060000 0.018455
5.070000 0.020343
5.080000 0.019287
5.090000 0.018968
5.100000 0.022285
5.110000 0.020268
5.120000 0.015863
5.130000 0.021786
5.140000 0.027186
5.150000 0.024230
5.160000 0.024137
5.170000 0.020743
5.180000 0.022307
5.190000 0.025730
5.200000 0.022136
5.210000 0.026461
5.220000 0.023123
5.230000 0.024417
5.240000 0.025242
5.250000 0.025831
5.260000 0.023228
5.270000 0.020418
5.280000 0.024861
5.290000 0.022516
5.300000 0.022431
5.310000 0.022346
5.320000 0.024044
5.330000 0.019961
5.340000 0.023422
5.350000 0.022014
5.360000 0.018642
5.370000 0.024254
5.380000 0.016980
5.390000 0.018869
5.400000 0.021608
5.410000 0.018730
5.420000 0.019090
5.430000 0.019234
5.440000 0.015117
5.450000 0.018244
5.460000 0.015852
5.470000 0.019375
5.480000 0.017626
5.490000 0.018607
5.500000 0.013748
5.510000 0.015981
5.520000 0.017992
5.530000 0.012775
5.540000 0.018273
5.550000 0.015343
5.560000 0.016919
5.570000 0.016655
5.580000 0.015381
5.590000 0.017948
5.600000 0.016276
5.610000 0.017820
5.620000 0.018355
5.630000 0.015109
5.640000 0.015848
5.650000 0.015200
5.660000 0.016523
5.670000 0.018621
5.680000 0.010547
5.690000 0.015766
5.700000 0.018620
5.710000 0.015076
5.720000 0.012904
5.730000 0.013819
5.740000 0.013580
5.750000 0.014867
5.760000 0.015005
5.770000 0.013628
5.780000 0.013204
5.790000 0.015790
5.800000 0.013863
5.810000 0.013442
5.820000 0.014140
5.830000 0.013906
5.840000 0.014597
5.850000 0.014363
5.860000 0.011745
5.870000 0.016643
5.880000 0.013670
5.890000 0.012171
5.900000 0.015388
5.910000 0.012450
5.920000 0.012408
5.930000 0.017205
5.940000 0.012860
5.950000 0.012283
5.960000 0.013661
5.970000 0.013439
5.980000 0.016918
